20
13
30 73
7 96
4 27
54 72
34 4
81 1
74 24
52 17
67 36
97 74
4 16
83 11
6 31
1
94 25
1
33 51
4
29 14
67 7
31 82
38 87
1
43 21
6
97 44
51 6
42 13
89 99
79 83
45 79
5
72 2
72 78
91 9
29 89
76 30
5
58 96
73 35
19 93
23 50
96 56
9
63 39
50 41
7 29
2 23
86 28
30 85
92 90
37 80
19 5
1
59 99
5
75 54
75 7
27 6
64 31
97 96
1
13 77
2
54 56
69 30
14
92 59
39 98
82 88
94 86
8 80
50 40
100 91
70 15
30 93
45 5
5 7
81 91
39 99
86 36
6
49 99
76 94
61 19
20 79
99 58
20 37
3
36 61
8 39
50 8
1
77 42
20
93 23
10 9
59 22
46 93
85 93
56 37
85 61
63 80
82 33
50 98
95 54
45 11
44 12
26 55
7 74
85 83
5 90
24 7
66 67
72 42
1
16 5
1
50 77
