200 100
54909400 291160620 33682740 21513372 26906660 377292600 50445522 304522072 141898388 110607553 43325394 302663872 216125520 217369656 375614859 7681977 137321381 217510257 726220755 837169406 112308630 73307808 653650855 449157573 92138688 681403593 15028304 539820350 133850232 543038098 52946704 62525218 146899648 740802203 448718268 478123352 140965392 233560950 797685405 206355375 44382336 414174750 55138425 128434720 417864906 141853289 718190064 51746660 631341216 551570958 351291038 897193684 3325566 115754562 109906716 171522418 248988747 341588410 86940048 611630760 313424697 102875145 19563965 17235450 204128362 355798922 75045222 556655099 341158482 479631060 360165360 52335424 13782648 183733407 145478169 297312050 14309902 835456160 131431776 330081720 44551242 382429796 625864134 417050790 310953456 603378450 432843840 310116070 601132840 956659221 96355584 7280040 981675 216193148 107261294 757444149 133435840 173871104 75062616 82596932 57990752 432607324 319042372 176128020 91408128 164272394 210993375 88247762 164262810 1918908 55037580 362796750 33173673 365039240 221947682 8585590 55928420 21446050 220709514 106485804 55853572 116038566 276705000 465623360 95632520 958951422 755282664 53004420 396811008 46402888 28227456 162584505 79453659 579795644 18382120 102392535 459273672 31150998 125358558 86546736 406671915 27906363 750740084 582530424 354775960 216457704 32933614 739886028 5728675 699492069 197836570 58257327 431478020 626222357 518021630 164995285 592936722 273880629 29991556 4292839 63544734 3029816 61008975 16388190 488766250 138608600 150380244 107925671 55416228 77796607 88054526 557379018 73490354 310696000 884738418 175371910 22399016 279332043 350401800 159191653 181890688 19905912 204773486 50494370 157231068 192861552 27719170 607170198 593602416 74159910 182039156 2273504 9253280 359672670 152141930 146493453 434208159 56729600 91331190 18475612 
B 2
A 2
A 1
B 1
A 2
A 2
A 2
A 2
B 1
A 1
B 2
B 1
A 2
B 1
B 2
B 2
A 2
A 2
B 2
A 2
A 1
B 1
A 1
B 1
A 1
A 1
B 2
B 1
A 1
A 1
A 2
A 1
B 1
A 2
A 2
A 2
B 1
A 1
B 2
B 1
B 2
A 1
B 1
A 1
A 1
A 2
B 1
A 2
B 1
A 2
B 2
B 2
A 2
A 1
B 2
B 1
B 1
B 2
A 1
A 2
A 1
A 1
B 1
B 1
A 1
B 2
A 1
B 1
A 1
B 1
B 1
B 2
B 2
B 1
A 1
B 1
B 1
A 2
A 2
B 1
A 1
A 1
B 1
A 1
A 2
B 2
A 1
B 2
B 2
A 1
B 1
A 1
A 2
A 2
B 2
A 2
B 1
A 1
B 1
A 1
