100 100
447 1019 1267 0 0 2274 0 2803 0 0 4029 0 4837 0 0 6369 7164 7496 8273 9096 0 0 0 12505 12826 12966 0 0 15035 15870 0 17708 0 18413 19001 19107 0 0 20281 0 0 0 0 0 22154 0 0 0 23082 0 24556 0 26157 0 26634 26849 27500 43555 0 29151 29598 0 0 31609 0 32958 46978 33901 0 0 36131 0 36248 0 0 0 0 0 0 0 41392 0 0 42796 0 44045 44627 44951 0 0 0 0 47729 0 0 48582 0 0 0 50350 
447 1019 1267 0 2274 0 2784 2803 3244 3924 4029 0 0 5669 5685 0 7164 7496 8273 0 0 0 0 12505 12826 0 15902 14040 0 15870 16801 0 18090 18413 19001 0 0 20150 20281 20334 20767 20837 0 0 0 22303 22761 22807 23082 23697 0 0 26157 26605 0 0 27500 27902 0 29151 29598 30321 30998 31609 32603 32958 33573 33901 0 0 36131 0 0 0 37179 37943 38851 0 40388 41155 0 41717 0 0 0 0 44627 0 45127 0 0 0 47729 0 0 0 48858 49277 0 0 
0 1019 1267 1575 0 0 2784 2803 0 0 4029 0 0 5669 0 0 7164 7496 0 9096 0 10734 11687 0 12826 12966 36721 14040 0 0 0 17708 0 18413 19001 0 19932 0 0 0 20767 0 20935 0 22154 0 0 0 0 23697 0 0 26157 26605 26634 0 0 27902 28901 29151 29598 30321 30998 0 0 21232 0 33901 34506 0 0 0 36248 37174 37179 37943 0 39525 0 0 0 0 0 42796 43284 44045 0 44951 45127 45661 46178 0 47729 47799 48374 48582 48858 49277 49472 0 
447 0 1267 1575 0 2274 0 0 0 0 4029 0 4837 5669 5685 6369 7164 0 8273 0 9741 0 11687 0 12826 0 13860 14040 0 15870 16801 17708 0 18413 19001 0 0 0 0 20334 0 0 0 21859 22154 0 0 22807 0 0 24556 0 26157 26605 26634 26849 27500 28917 28901 0 0 0 30998 0 32603 0 0 33901 0 0 36131 0 0 37174 37179 0 0 39525 0 0 0 0 42543 0 0 0 0 0 45127 0 46178 0 47729 0 0 8976 0 49277 49472 50350 
0 0 0 1575 0 2274 0 0 0 3924 4029 4059 4837 5669 0 6369 7164 7496 0 0 0 10734 0 0 12826 0 13860 0 15035 0 16801 0 18090 0 0 0 19932 20150 20281 0 20767 0 0 21859 22154 22303 22761 0 23082 23697 0 25244 26157 0 0 0 0 0 28901 0 0 1154 30998 0 0 0 33573 0 0 0 0 36192 0 37174 0 37943 38851 0 0 0 0 0 0 0 43284 0 44627 44951 0 0 46178 0 47729 47799 48374 48582 0 0 0 50350 
447 1019 1267 1575 2274 0 0 0 3244 3924 4029 0 0 0 5685 0 7164 7496 8273 9096 0 0 0 0 12826 0 0 0 15035 15870 16801 0 18090 18413 0 0 0 20150 20281 20334 20767 0 0 0 0 0 0 22807 0 16105 0 25244 26157 26605 0 26849 0 27902 0 29151 0 30321 30998 0 0 0 33573 33901 0 0 0 0 36248 0 37179 37943 38851 0 40388 41155 0 41717 0 42796 43284 10550 44627 0 0 0 46178 47041 0 47799 48374 48582 48858 0 0 50350 
447 1019 1267 1575 0 0 2784 2803 3244 3924 0 4059 4837 5669 0 0 7164 0 8273 9096 9741 10734 11687 0 12826 0 13860 0 15035 0 16801 17708 18090 18413 0 19107 0 20150 20281 0 20767 20837 0 0 22154 22303 22761 0 0 0 0 25244 0 26605 26634 26849 27500 27902 0 49520 29598 0 30998 31609 32603 32958 0 33901 0 35355 36131 36192 36248 37174 37179 0 38851 0 0 0 41392 41717 42543 42796 0 44045 0 0 45127 0 0 47041 0 47799 48374 0 48858 0 49472 0 
0 1019 0 1575 0 2274 2784 0 0 0 4029 4059 0 5669 0 6369 0 0 0 9096 9741 0 0 12505 12826 0 13860 14040 0 0 0 0 0 0 19001 0 19932 0 0 20334 20767 0 20935 21859 22154 0 0 0 23082 0 24556 0 26157 0 26634 26849 27500 27902 28901 29151 0 0 0 31609 0 32958 33573 33901 34506 35355 36131 0 36248 37174 37179 37943 38851 39525 0 0 41392 41717 42543 0 43284 0 0 44951 45127 45661 0 47041 47729 47799 48374 48582 48858 0 49472 0 
447 1019 0 0 2274 2274 2784 0 3244 3924 0 4059 0 5669 5685 6369 7164 7496 8273 0 0 0 0 12505 12826 12966 0 14040 15035 15870 0 0 0 0 19001 19107 0 0 0 20334 20767 0 0 0 0 0 22761 0 0 0 24556 0 0 26605 0 26849 27500 0 28901 29151 0 0 0 0 32603 32958 33573 0 0 0 0 0 36248 37174 37179 0 38851 0 0 0 41392 41717 0 42796 43284 0 44627 44951 45127 0 46178 0 0 0 48374 0 0 49277 49472 0 
0 1019 1267 0 0 0 2784 0 46609 0 0 4059 4837 5669 5685 6369 0 0 8273 0 0 0 11687 12505 0 12966 0 14040 0 15870 0 17708 18090 0 0 19107 0 20150 20281 0 0 20837 20935 0 0 0 0 0 23082 0 24556 0 0 26605 26634 0 0 27902 0 29151 0 0 0 31609 0 32958 33573 0 0 35355 0 0 36248 0 0 0 38851 0 40388 41155 0 0 0 0 43284 44045 0 44951 45127 45661 0 47041 47729 0 0 0 48858 49277 49472 0 
0 0 0 1575 0 0 2784 0 3244 3924 4029 4059 0 5669 0 6369 0 7496 0 9096 9741 10734 0 0 12826 0 13860 14040 15035 0 0 0 0 18413 19001 19107 0 0 20281 0 20767 20837 20935 21859 0 0 22761 22807 23082 0 24556 25244 0 26605 0 26849 27500 27902 0 29151 29598 30321 30998 31609 0 0 33573 0 34506 35355 36131 36192 0 37174 37179 0 0 39525 40388 0 0 41717 0 49963 43284 44045 0 44951 45127 45661 46178 0 0 0 8539 48582 48858 0 0 0 
0 1019 1267 1575 0 2274 2784 0 0 0 0 0 0 0 5685 0 0 7496 8273 0 9741 0 0 0 0 12966 13860 0 0 15870 0 17708 14733 18413 0 0 0 0 0 0 20767 20837 0 0 22154 0 22761 22807 0 0 0 25244 26157 0 0 0 0 27902 28901 29151 0 30321 0 0 32603 32958 0 0 34506 35355 0 36192 0 37174 37179 0 38851 0 0 41155 0 0 42543 0 43284 44045 44627 0 0 45661 0 0 47729 0 0 0 0 49277 0 0 
0 1019 0 1575 0 2274 2784 2803 3244 3924 0 4059 4837 5669 0 6369 0 7496 8273 9096 0 0 0 12505 12826 0 13860 0 15035 15870 16801 0 18090 0 19001 0 0 20150 0 0 0 0 0 0 0 0 22761 22807 23082 23697 0 25244 0 0 0 26849 0 27902 0 0 0 30321 30998 0 0 0 0 33901 0 0 36131 0 36248 0 0 0 0 0 40388 0 41392 0 42543 0 0 0 0 44951 0 45661 0 47041 47729 47799 48374 0 48858 49277 49472 50350 
0 1019 1267 1575 2274 2274 0 0 0 3924 0 4059 4837 5669 5685 6369 6897 7496 0 0 0 0 0 12505 12826 0 0 0 0 15870 0 17708 0 0 19001 19107 0 0 20281 20334 20767 20837 20935 0 0 22303 0 0 0 23697 0 25244 26157 0 26634 0 27500 27902 28901 29151 0 0 30998 31609 0 32958 33573 0 0 35355 0 36192 0 37174 37179 0 38851 39525 0 0 41392 41717 42543 42796 43284 44045 0 44951 0 45661 46178 47041 47729 47799 0 48582 0 0 49472 50350 
447 1019 1267 1575 0 2274 2784 0 0 0 4029 0 0 5669 0 0 7164 7496 0 9096 9741 10734 11687 12505 12826 12966 0 14040 0 15870 0 17708 18090 18413 19001 19107 19932 20150 0 0 20767 0 0 21859 22154 0 0 0 0 0 24556 25244 26157 0 26634 0 0 27902 0 0 29598 30321 30998 31609 0 32958 0 33901 34506 0 0 0 36248 0 0 0 0 39525 0 41155 0 0 42543 0 0 0 0 0 45127 0 46178 0 0 47799 48374 0 48858 0 0 50350 
0 0 1267 0 2274 2274 0 2803 0 0 4029 33574 0 0 5685 0 7164 0 0 0 0 0 0 0 0 12966 0 0 0 15870 16801 17708 18090 0 0 19107 19932 0 20281 20334 20767 0 20935 21859 22154 22303 0 0 23082 23697 24556 25244 0 0 0 0 0 27902 0 0 0 0 0 31609 32603 0 33573 33901 0 35355 0 36192 36248 37174 0 0 38851 0 0 41155 0 41717 0 42796 0 44045 44627 44951 45127 0 0 0 0 47799 0 48582 0 49277 0 0 
0 0 0 1575 0 2274 0 0 3244 0 0 0 4837 0 0 0 7164 7496 8273 0 9741 10734 11687 12505 12826 12966 13860 0 0 0 0 0 18090 0 19001 0 0 0 20281 20334 0 0 20935 0 22154 22303 0 0 0 23697 0 25244 0 0 26634 26849 27500 27902 28901 29151 29598 30321 30998 0 32603 32958 33573 33901 0 35355 36131 36192 0 37174 37179 37943 0 39525 0 0 41392 0 42543 42796 0 0 0 0 45127 45661 46178 47041 47729 47799 48374 48582 48858 0 49472 0 
447 1019 13239 0 2274 0 0 0 0 0 0 0 4837 0 5685 0 7164 0 8273 9096 0 10734 11687 12505 0 12966 0 14040 0 15870 0 0 18090 18413 19001 0 19932 0 0 20334 0 20837 20935 0 22154 22303 22761 0 0 23697 0 0 0 26605 26634 0 27500 27902 0 29151 29598 0 0 0 8996 0 0 33901 34506 0 36131 0 0 37174 37179 0 0 39525 0 0 0 41717 42543 0 0 0 0 44951 45127 45661 0 47041 47729 47799 48374 48582 48858 0 49472 0 
447 1019 0 1575 2274 0 2784 0 3244 0 4029 4059 0 0 5685 6369 7164 0 8273 9096 0 10734 11687 0 12826 0 0 14040 15035 0 0 0 0 0 0 19107 0 20150 0 0 0 20837 20935 21859 0 0 0 0 23082 23697 24556 25244 26157 0 0 0 27500 0 28901 29151 0 30321 0 31609 32603 0 33573 0 0 0 36131 0 0 37174 37179 0 38851 0 0 0 41392 0 0 0 43284 44045 0 44951 0 0 46178 47041 47729 0 0 0 48858 0 0 0 
0 0 1267 0 0 2274 0 0 3244 3924 4029 4059 4837 0 0 0 0 0 8273 9096 0 10734 0 0 0 12966 13860 14040 0 15870 0 0 18090 0 0 19107 19932 0 20281 0 0 0 20935 21859 0 0 22761 22807 23082 23697 0 25244 26157 26605 0 0 0 0 28901 29151 0 30321 0 31609 32603 32958 0 0 0 35355 0 36192 36248 0 0 0 0 0 0 41155 0 0 42543 0 0 44045 0 0 45127 45661 46178 47041 47729 0 0 48582 48858 0 49472 50350 
447 0 0 0 2274 2274 0 2803 0 3924 0 4059 0 0 5685 0 0 7496 0 9096 0 10734 11687 12505 12826 0 0 14040 15035 15870 0 0 18090 0 0 19107 0 20150 0 0 20767 20837 0 21859 22154 22303 0 0 0 23697 0 0 26157 26605 26634 0 27500 27902 0 29151 0 0 0 0 0 0 0 33901 0 35355 36131 36192 0 0 0 37943 38851 39525 0 41155 41392 41717 0 42796 0 44045 0 0 45127 45661 0 47041 47729 47799 0 0 48858 49277 49472 0 
447 0 0 0 2274 0 0 0 0 3924 4029 0 4837 5669 0 0 0 7496 0 0 9741 0 0 12505 12826 12966 0 14040 15035 15870 16801 17708 0 0 19001 0 19932 0 0 0 0 0 20935 0 0 22303 22761 22807 0 0 0 0 0 0 0 26849 0 27902 28901 29151 0 30321 0 0 0 0 33573 48042 34506 35355 36131 0 36248 0 37179 37943 38851 39525 40388 41155 0 0 42543 0 0 44045 0 0 0 45661 46178 47041 0 47799 48374 0 0 0 0 0 
0 1019 1267 0 0 0 0 0 0 3924 4029 4059 0 0 0 6369 0 7496 8273 9096 0 0 0 0 12826 0 0 0 15035 0 16801 0 18090 0 19001 19107 0 20150 20281 20334 0 20837 20935 21859 0 0 0 22807 23082 23697 24556 0 0 0 0 0 27500 27902 0 0 29598 30321 0 31609 32603 0 0 33901 34506 0 0 36192 0 37174 37179 37943 0 39525 0 41155 0 0 42543 0 0 44045 0 0 45127 45661 0 47041 47729 0 0 48582 48858 0 49472 50350 
0 8137 1267 0 2274 2274 0 2803 0 3924 4029 0 4837 5669 0 6369 7164 7496 0 9096 0 0 0 12505 12826 0 0 0 0 0 0 0 0 0 0 19107 19932 20150 20281 20334 0 20837 0 0 22154 22303 0 22807 0 23697 24556 0 26157 0 26634 0 0 27902 28901 0 0 30321 0 31609 32603 0 33573 33901 34506 0 0 36192 36248 0 37179 37943 0 0 0 41155 41392 41717 42543 42796 0 0 44627 0 0 0 0 0 0 47799 0 48582 0 0 49472 0 
0 1019 1267 1575 2274 0 0 0 0 3924 0 0 0 0 0 6369 7164 7496 0 9096 9741 10734 0 12505 0 0 0 14040 15035 15870 16801 17708 18090 0 0 0 0 0 20281 20334 0 20837 0 21859 0 22303 22761 22807 0 14384 0 0 26157 0 0 0 27500 0 0 29151 29598 30321 30998 31609 32603 0 33573 33901 0 35355 0 36192 36248 37174 37179 0 38851 0 40388 41155 0 41717 0 0 0 0 44627 0 0 45661 0 0 0 19825 0 0 0 0 49472 50350 
0 47060 0 0 0 2274 0 2803 3244 3924 4029 0 4837 0 0 0 0 0 0 0 9741 10734 0 12505 0 0 0 14040 0 15870 16801 0 18090 18413 0 0 0 20150 20281 0 0 20837 20935 0 22154 0 22761 22807 0 23697 24556 25244 26157 0 0 0 0 0 25875 0 0 0 30998 31609 0 0 33573 0 34506 0 0 36192 36248 0 0 0 0 0 0 0 41392 0 0 0 47613 0 0 44951 45127 0 46178 47041 0 0 0 48582 0 0 0 50350 
0 1019 0 0 2274 0 2784 2803 0 3924 0 0 4837 0 0 6369 0 7496 0 9096 0 0 11687 12505 12826 0 0 0 15035 15870 0 38239 18090 18413 0 0 0 20150 20281 0 20767 20837 20935 21859 22154 0 22761 0 0 23697 0 0 0 0 26634 26849 27500 0 0 0 0 0 30998 31609 32603 0 0 0 34506 35355 0 0 0 37174 37179 37943 0 0 40388 0 0 41717 0 0 43284 0 0 44951 45127 0 46178 0 0 0 48374 0 0 49277 0 0 
0 0 0 1575 2274 0 0 0 0 3924 4029 4059 4837 0 5685 0 0 0 8273 9096 9741 10734 0 12505 0 12966 0 14040 0 15870 16801 17708 18090 0 0 19107 19932 20150 0 20334 20767 0 20935 0 22154 22303 0 22807 0 23697 0 0 0 0 26634 0 27500 27902 0 0 29598 0 0 0 0 32958 0 0 0 35355 0 0 36248 37174 37179 0 38851 39525 38094 0 0 41717 42543 42796 43284 0 44627 0 0 45661 46178 0 0 0 48374 48582 0 49277 49472 50350 
0 1019 1267 1575 0 0 2784 0 0 0 0 0 0 5669 0 6369 0 0 8273 9096 0 10734 0 0 0 0 0 0 0 0 0 0 18090 18413 0 0 19932 0 20281 22236 0 0 20935 21859 0 0 0 0 0 23697 24556 25244 0 0 26634 26849 27500 27902 0 0 29598 30321 0 31609 32603 0 33573 0 34506 24084 36131 0 0 37174 0 37943 0 0 0 0 41392 46520 0 42796 43284 44045 44627 0 45127 0 46178 47041 47729 47799 0 0 0 0 0 50350 
447 1019 0 0 0 0 2784 2803 0 3924 0 0 0 0 0 6369 7164 7496 8273 0 0 10734 0 14018 0 0 0 14040 0 15870 0 17708 0 0 19001 19107 0 0 20281 0 0 0 20935 21859 22154 22303 22761 22807 0 23697 0 25244 0 0 26634 26849 0 0 0 29151 0 0 0 31609 0 32958 33573 33901 34506 0 36131 36192 36248 0 0 37943 0 39525 0 0 0 41717 42543 42796 43284 44045 0 0 0 0 0 0 47729 0 48374 48582 0 11776 0 0 
447 1019 1267 1575 2274 2274 0 2803 3244 0 0 4059 0 5669 0 6369 0 0 0 9096 9741 10734 11687 12505 0 12966 0 14040 0 15870 16801 17708 0 18413 19001 19107 19932 0 20281 0 20767 20837 0 0 22154 22303 22761 0 0 0 24556 0 26157 0 0 28268 27500 27902 0 29151 29598 0 0 0 32603 0 0 33901 0 35355 0 0 36248 37174 37179 0 0 0 40388 0 41392 0 0 0 0 0 0 0 0 0 0 47041 0 47799 48374 48582 48858 49277 0 50350 
0 0 0 1575 2274 0 0 0 3244 0 0 0 0 0 5685 6369 0 7496 0 9096 0 10734 0 12505 12826 0 13860 14040 0 15870 16801 17708 18090 0 19001 0 0 0 0 20334 20767 0 0 0 22154 22303 22761 0 0 0 0 0 0 0 26634 0 0 0 0 0 0 30321 48282 0 0 32958 33573 33901 0 35355 0 36192 36248 0 37179 0 38851 39525 0 0 0 0 42543 42796 0 0 0 0 0 0 0 47041 47729 47799 0 0 48858 49277 0 50350 
0 0 1267 1575 2274 2274 0 2803 3244 3924 0 4059 0 5669 5685 0 7164 0 8273 9096 0 0 0 0 12826 12966 13860 14040 0 0 16801 0 0 18413 19001 19107 0 20150 0 0 42637 20837 0 0 22154 0 22761 0 0 0 0 0 26157 0 0 0 27500 27902 0 29151 29598 30321 0 0 32603 0 33573 0 0 0 0 36192 36248 37174 0 37943 0 39525 0 41155 41392 41717 42543 42796 43284 0 44627 0 45127 45661 46178 0 0 0 48374 48582 0 0 0 50350 
447 1019 0 0 2274 2274 0 2803 3244 3924 4029 0 0 5669 0 0 7164 0 0 0 9741 0 11687 0 12826 0 13860 14040 15035 15870 16801 17708 18090 0 19001 0 19932 0 0 20334 20767 20837 0 21859 22154 22303 22761 0 23082 23697 24556 25244 17514 0 26634 26849 27500 0 28901 0 29598 0 0 31609 0 32958 33573 33901 0 35355 0 0 36248 0 0 0 0 0 0 0 41392 0 0 42796 43284 44045 44627 0 0 45661 0 47041 0 0 48374 48582 48858 0 0 50350 
447 0 1267 1575 0 2274 0 2803 3244 3924 0 4059 4837 0 5685 6369 0 7496 8273 0 9741 0 11687 12505 0 0 0 0 15035 0 16801 0 0 0 19001 0 0 20150 0 0 20767 20837 0 21859 0 0 22761 0 23082 23697 17975 0 0 26605 26634 26849 27500 27902 28901 0 29598 0 0 31609 0 0 33573 33901 0 35355 36131 36192 0 0 37179 37943 38851 0 40388 0 0 41717 42543 0 43284 0 0 0 45127 0 46178 0 47729 0 48374 48582 0 49277 0 50350 
447 0 0 0 0 0 2784 0 3244 3924 0 0 4837 0 0 0 0 7496 0 0 9741 10734 0 12505 0 0 0 14040 15035 0 16801 0 0 0 0 19107 19932 20150 20281 0 20767 20837 0 0 0 0 0 0 0 23697 0 25244 26157 0 26634 0 27500 27902 0 29151 29598 30321 0 0 0 32958 0 0 34506 35355 0 36192 0 37174 0 0 38851 39525 0 0 0 41717 42543 42796 0 44045 44627 44951 0 0 46178 0 47729 0 0 48582 0 0 49472 0 
0 1019 0 0 0 0 2784 2803 0 3924 4029 4059 4837 5669 5685 6369 0 0 8273 42786 9741 10734 11687 12505 12826 0 0 14040 0 0 0 17708 18090 0 19001 19107 19932 0 20281 0 0 0 20935 0 0 22303 22761 0 0 0 24556 0 26157 0 26634 0 0 27902 28901 29151 0 30321 0 31609 32603 32958 33573 0 0 35355 0 0 36248 37174 37179 0 38851 0 0 0 41392 0 0 42796 43284 0 44627 0 0 0 0 47041 47729 47799 0 48582 48858 0 49472 50350 
0 0 1267 1575 2274 0 0 2803 0 0 4029 4059 0 0 0 6369 0 0 8273 9096 0 10734 11687 12505 12826 12966 0 0 15035 0 16801 0 18090 0 19001 0 19932 0 0 0 0 0 0 0 22154 0 0 22807 23082 23697 0 25244 26157 0 0 0 27500 27902 0 29151 0 30321 30998 0 0 0 33573 33901 0 0 36131 0 36248 0 0 0 38851 39525 0 0 0 41717 42543 0 43284 0 44627 0 45127 45661 0 47041 0 47799 48374 48582 0 0 0 0 
0 0 1267 0 2274 0 2784 0 3244 0 0 4059 0 0 0 6369 7164 0 0 9096 9741 0 11687 0 0 12966 13860 14040 0 0 16801 17708 0 18413 19001 19107 0 20150 20281 0 0 20837 20935 0 22154 22303 22761 0 0 23697 24556 25244 26157 26605 0 26849 27500 27902 0 0 0 30321 30998 0 0 32958 33573 20152 34506 35355 0 0 0 37174 37179 22382 0 39525 40388 41155 41392 0 0 0 43284 0 0 0 0 45661 46178 0 0 0 48374 0 0 49277 0 0 
0 0 1267 0 0 0 0 0 3244 0 0 4059 4837 5669 0 0 7164 7496 0 9096 9741 10734 11687 0 0 0 0 0 15035 15870 0 0 0 0 0 19107 19932 20150 0 20334 20767 0 20935 21859 22154 0 22761 22807 0 0 0 0 0 0 0 26849 0 0 0 29151 0 0 30998 0 32603 32958 33573 0 34506 35355 36131 0 36248 0 0 47912 0 39525 40388 0 41392 0 42543 0 0 0 0 44951 0 0 0 0 47729 0 0 42176 0 0 0 50350 
0 0 1267 1575 2274 2274 0 0 3244 3924 0 4059 4837 32164 5685 0 7164 7496 8273 9096 0 0 0 0 0 0 13860 14040 0 0 16801 0 18090 0 19001 0 19932 20150 0 0 0 20837 20935 0 22154 0 22761 0 23082 23697 0 25244 26157 26605 0 26849 0 0 28901 29151 0 30321 0 0 0 0 0 33901 34506 35355 36131 36192 0 37174 37179 37943 0 39525 40388 0 0 0 42543 0 43284 44045 0 0 45127 45661 0 47041 47729 47799 0 48582 48858 49277 49472 50350 
0 0 0 1575 2274 2274 2784 2803 3244 3924 4029 4059 4837 5669 5685 0 0 7496 8273 9096 9741 10734 0 0 12826 0 13860 0 0 15870 16801 17708 0 18413 0 0 0 20150 20281 20334 20767 0 20935 0 22154 22303 0 0 0 0 0 25244 39492 0 26634 26849 0 0 0 0 0 30321 0 31609 32603 0 33573 258 34506 0 36131 36192 36248 0 37179 0 38851 39525 40388 0 0 0 0 42796 43284 0 0 44951 45127 0 0 0 0 47799 48374 48582 0 0 0 0 
0 0 1267 1575 0 0 0 0 0 3924 0 4059 4837 0 0 0 7164 7496 0 9096 9741 10734 11687 0 42387 12966 0 14040 0 15870 0 17708 18090 0 19001 0 19932 20150 20281 0 20767 20837 20935 0 0 0 22761 0 0 0 24556 25244 26157 26605 0 26849 27500 18309 0 0 0 30321 0 31609 0 0 33573 0 34506 35355 0 36192 36248 37174 0 0 38851 0 40388 0 41392 0 0 42796 43284 0 0 44951 0 45661 46178 0 47729 47799 48374 0 48858 0 0 20456 
447 1019 0 0 2274 0 0 0 0 0 0 4059 0 5669 0 6369 7164 7496 8273 9096 0 10734 11687 12505 0 0 13860 0 0 0 16801 0 0 18413 19001 0 19932 20150 20281 0 20767 0 20935 0 0 22303 22761 22807 23082 0 0 25244 0 0 0 0 0 0 0 29151 29598 0 30998 31609 32603 32958 0 0 0 35355 0 0 0 0 37179 41894 38851 0 0 41155 41392 0 0 0 0 44045 0 0 0 0 0 0 0 0 48374 0 0 0 49472 50350 
0 1019 1267 0 2274 0 0 0 0 3924 0 0 4837 0 5685 0 7164 0 0 9096 9741 0 11687 0 0 0 0 0 15035 0 0 17708 18090 18413 0 0 0 20150 20281 0 20767 0 0 21859 22154 0 0 0 0 0 24556 0 26157 26605 0 0 27500 0 28901 29151 29598 0 30998 31609 0 0 0 0 0 0 0 0 36248 0 37179 37943 0 0 40388 41155 41392 0 42543 42796 43284 0 0 44951 0 45661 0 47041 47729 0 48374 48582 0 49277 49472 50350 
447 1019 1267 1575 2274 0 2784 0 3244 0 4029 0 0 0 5685 6369 0 7496 8273 9096 9741 0 0 12505 0 12966 0 0 15035 15870 16801 17708 18090 0 19001 0 0 20150 0 0 0 0 20935 21859 22154 0 0 0 23082 0 24556 25244 26157 0 26634 26849 0 0 0 29151 0 0 0 31609 0 32958 0 33901 0 0 0 0 36248 0 0 0 0 39525 40388 0 0 41717 0 0 0 44045 44627 0 45127 0 46178 0 0 47799 0 48582 48858 0 0 0 
0 0 1267 0 0 0 2784 0 3244 3924 4029 4059 4837 0 0 0 0 7496 8273 9096 9741 0 11687 12505 12826 0 13860 14040 15035 15870 0 17708 18090 18413 0 19107 19932 0 0 20334 20767 0 20935 21859 22154 0 22761 0 0 0 0 0 0 0 0 0 0 27902 0 29151 0 0 30998 31609 0 0 33573 33901 0 0 0 0 36248 0 37179 37943 0 39525 40388 41155 41392 41717 0 0 43284 44045 0 0 0 45661 46178 47041 0 47799 0 0 48858 0 0 0 
0 1019 0 1575 0 2274 0 0 3244 3924 4029 4059 4837 0 15547 6369 0 0 0 9096 9741 0 0 12505 12826 12966 0 14040 15035 0 16801 0 0 0 0 19107 0 0 0 20334 0 0 20935 21859 22154 22303 0 22807 0 0 24556 25244 26157 0 26634 26849 0 27902 0 0 29598 0 0 0 32603 0 33573 33901 34506 0 36131 36192 36248 37174 0 0 0 0 0 3924 41392 0 42543 0 0 44045 44627 44951 45127 0 46178 0 47729 0 48374 48582 48858 0 0 50350 
0 0 1267 0 2274 2274 2784 0 3244 0 0 0 4837 0 0 0 0 7496 0 0 9741 10734 11687 0 0 0 0 0 0 15870 0 17708 18090 0 0 0 0 0 20281 20334 0 20837 20935 21859 0 0 22761 22807 23082 23697 0 25244 26157 26605 0 26849 0 27902 28901 29151 29598 0 30998 31609 32603 32958 0 0 0 35355 0 0 36248 37174 0 0 38851 0 40388 0 0 0 42543 0 43284 44045 0 44951 45127 45661 0 0 47729 0 0 0 0 8474 49472 50350 
0 0 1267 0 0 0 0 0 3244 0 4029 0 0 0 0 0 7164 0 0 9096 0 10734 0 0 12826 12966 13860 14040 15035 0 0 0 18090 18413 19001 0 0 0 20281 0 0 20837 0 21859 22154 22303 22761 0 0 23697 24556 25244 0 26605 26634 0 27500 27902 28901 0 0 30321 0 31609 32603 33750 33573 0 0 35355 36131 0 0 37174 37179 0 38851 0 0 41155 41392 41717 42543 42796 43284 44045 44627 44951 45127 45661 46178 0 47729 0 0 0 0 49277 49472 0 
0 0 0 0 2274 2274 2784 2803 0 0 0 0 0 5669 0 6369 0 0 0 9096 9741 10734 0 12505 12826 0 13860 14040 0 0 16801 0 18090 18413 19001 0 19932 0 20281 20334 0 0 0 21859 22154 22303 0 22807 23082 23697 0 25244 26157 0 26634 26849 0 27902 28901 29151 29598 30321 0 0 32603 32958 33573 33901 34506 0 36131 0 36248 37174 37179 37943 38851 39525 40388 41155 0 41717 42543 42796 0 44045 44627 0 0 45661 46178 0 47729 0 48374 48582 48858 0 49472 50350 
0 0 0 1575 0 0 2784 0 0 3924 0 0 4837 0 5685 6369 7164 0 8273 0 9741 10734 0 12505 0 0 13860 14040 0 0 16801 0 18090 18413 19001 19107 19932 0 20281 20334 20767 0 0 0 22154 0 0 0 12291 0 24556 0 0 26605 0 26849 27500 27902 28901 0 0 0 49440 0 0 0 0 0 34506 0 36131 36192 0 37174 37179 37943 38851 39525 0 0 0 41717 0 42796 0 44045 44627 0 0 45661 46178 0 0 0 48374 0 0 0 0 0 
447 0 0 1575 2274 0 0 0 0 3924 4029 0 0 0 5685 6369 7164 7496 0 0 9741 0 0 12505 0 12966 13860 14040 15035 0 16801 17708 0 0 19001 19107 19932 0 0 0 0 20837 20935 21859 0 0 0 0 23082 0 24556 25244 0 26605 26634 26849 27500 0 28901 29151 0 0 30998 0 32603 32958 33573 0 34506 35355 36131 0 36248 37174 37179 0 0 39525 40388 41155 41392 41717 0 42796 0 44045 44627 44951 45127 0 0 0 47729 0 0 0 0 49277 49472 50350 
447 0 0 1575 0 2274 0 2803 3244 3924 0 0 0 5669 5685 6369 0 0 8273 9096 9741 0 0 12505 0 12966 0 14040 0 15870 16801 0 0 18413 19001 19107 19932 20150 0 20334 20767 0 20935 0 0 0 0 0 23082 23697 24556 25244 0 26605 26634 26849 0 27902 0 29151 29598 0 30998 31609 0 0 0 0 34506 35355 0 36192 36248 37174 0 0 38851 39525 0 0 0 41717 42543 0 0 0 44627 0 0 45661 0 47041 47729 47799 0 48582 0 49277 49472 50350 
447 1019 1267 0 2274 0 2784 2803 0 0 4029 0 4837 5669 5685 0 0 7496 8273 0 0 0 11687 0 0 12966 13860 0 15035 0 16801 17708 0 18413 19001 19107 19932 20150 0 20334 0 20837 0 0 22154 0 22761 0 23082 0 0 0 0 0 26634 26849 0 27902 28901 0 29598 0 30998 0 0 0 0 0 34506 35355 36131 36192 36248 0 37179 0 0 0 0 41155 41392 0 0 42796 43284 0 44627 0 45127 45661 0 0 47729 47799 0 48582 0 0 49472 50350 
447 0 0 1575 0 0 2784 0 0 0 0 4059 0 5669 5685 0 7164 7496 0 0 9741 0 0 0 12826 0 0 14040 15035 0 0 0 0 0 19001 0 0 0 20281 0 0 0 20935 21859 0 22303 0 0 0 0 0 0 0 26605 0 0 0 0 0 29151 0 0 30998 0 32603 0 33573 33901 0 0 36131 36192 36248 37174 0 0 0 39525 0 0 0 41717 42543 0 0 0 44627 44951 45127 0 46178 47041 0 0 48374 48582 0 49277 49472 0 
0 0 0 1575 0 2274 2784 0 0 3924 0 4059 4837 0 5685 6369 7164 7496 0 0 9741 10734 11687 0 12826 0 13860 14040 0 15870 16801 0 18090 0 19001 19107 19932 0 20281 20334 0 20837 20935 21859 0 22303 22761 22807 23082 23697 24556 25244 26157 0 26634 0 0 27902 28901 0 29598 30321 30998 31609 32603 32958 0 33901 34506 0 36131 36192 36248 37174 0 0 0 0 0 0 41392 0 0 42796 0 0 44627 0 0 45661 0 0 47729 0 48374 48582 48858 49277 0 0 
0 0 1267 0 0 2274 0 2803 3244 3924 0 4059 0 5669 0 0 7164 7496 0 9096 0 0 11687 12505 0 0 13860 0 15035 15870 16801 0 18090 18413 19001 19107 0 0 20281 0 0 0 0 0 22154 22303 22761 22807 23082 23697 24556 25244 0 0 26634 0 27500 0 28901 0 0 30321 30998 0 32603 32958 33573 0 0 35355 0 0 36248 0 0 37943 0 39525 36966 0 41392 0 0 42796 43284 44045 44627 44951 45127 45661 0 47041 0 47799 48374 0 0 49277 0 50350 
0 1019 1267 1575 2274 0 2784 0 0 0 0 4059 0 0 0 0 0 7496 0 0 9741 10734 0 0 12826 0 0 14040 15035 15870 16801 0 18090 18413 0 19107 19932 0 20281 0 20767 20837 0 21859 0 22303 0 0 23082 23697 0 25244 0 0 0 0 27500 0 0 29151 0 0 30998 0 32603 0 0 15038 0 0 36131 0 0 0 0 0 38851 0 40388 0 41392 0 42543 42796 0 44045 44627 0 0 0 0 0 47729 47799 0 48582 48858 0 40939 0 
447 1019 0 1575 2274 0 0 0 0 3924 4029 4059 0 0 5685 0 7164 0 8273 9096 9741 0 0 0 0 0 0 0 15035 15870 16801 17708 0 0 0 19107 19932 20150 20281 20334 20767 20837 20935 0 22154 0 0 22807 23082 23697 24556 39982 26157 26605 0 0 0 0 28901 29151 29598 30321 30998 0 32603 32958 33573 0 0 22394 0 0 0 0 37179 0 38851 39525 0 41155 0 0 0 0 43284 44045 0 44951 45127 45661 46178 47041 47729 47799 48374 0 48858 0 0 50350 
0 1019 0 1575 2274 2274 0 2803 3244 0 0 0 0 5669 5685 0 7164 0 0 0 0 0 0 0 12826 0 13860 14040 0 15870 16801 0 18090 18413 0 19107 19932 20150 20281 0 0 20837 0 21859 0 0 0 22807 23082 0 24556 0 26157 26605 26634 0 27500 0 0 29151 0 30321 0 31609 32603 32958 33573 0 34506 35355 0 18524 36248 37174 37179 0 38851 0 0 41155 41392 0 0 42796 0 0 0 0 0 0 46178 0 47729 0 48374 48582 0 49277 0 50350 
0 1019 0 1575 0 0 0 0 3244 3924 0 0 4837 0 5685 0 7164 0 8273 9096 0 0 11687 12505 0 12966 0 0 0 0 16801 0 0 18413 0 0 0 0 0 0 20767 20837 0 21859 0 0 0 22807 0 0 0 0 0 0 26634 0 0 27902 28901 29151 0 0 30998 31609 0 0 33573 0 0 35355 0 36192 36248 0 0 0 0 0 40388 41155 41392 0 42543 0 43284 0 44627 0 0 45661 46178 0 47729 47799 0 0 0 0 0 50350 
0 1019 1267 1575 0 2274 2784 0 3244 0 0 0 0 5669 5685 0 0 7496 8273 0 0 10734 11687 12505 0 12966 13860 14040 0 0 0 17708 18090 18413 0 0 19932 0 0 20334 20767 20837 20935 21859 0 0 22761 22807 23082 23697 0 0 26157 26605 0 26849 27500 0 28901 0 29598 30321 30998 0 0 0 33573 0 34506 0 36131 36192 0 0 37179 0 0 39525 0 41155 0 0 0 42796 43284 44045 0 0 0 45661 0 47041 0 0 0 48582 48858 49277 0 0 
447 0 0 1575 2274 0 0 0 0 3924 4029 0 0 5669 0 6369 0 7496 8273 9096 9741 0 0 0 12826 0 13860 14040 0 0 16801 0 0 18413 0 19107 0 20150 20281 20334 20767 20837 0 21859 22154 0 22761 0 0 0 0 0 26157 26605 0 26849 27500 27902 28901 0 29598 0 30998 31609 32603 0 0 33901 0 0 0 0 36248 0 37179 0 38851 39525 40388 41155 0 0 0 0 0 0 0 44951 45127 45661 46178 47041 47729 0 0 48582 48858 49277 0 50350 
0 0 1267 0 2274 2274 0 2803 3244 3924 4029 4059 0 0 0 0 7164 0 8273 9096 0 0 11687 0 12826 0 13860 0 24839 15870 16801 0 18090 18413 19001 19107 0 20150 20281 20334 20767 0 20935 21859 0 0 22761 22807 23082 0 0 25244 26157 26605 0 0 0 0 0 29151 0 30321 0 0 0 0 0 33901 34506 35355 36131 0 36248 37174 37179 0 38851 39525 0 0 41392 41717 0 0 0 0 44627 44951 45127 0 0 47041 47729 47799 48374 0 48858 49277 0 50350 
0 0 0 1575 0 0 2784 2803 3244 0 0 4059 4837 5669 5685 0 7164 7496 0 9096 9741 10734 11687 0 12826 12966 13860 0 15035 15870 16801 0 0 18413 19001 0 0 20150 0 0 0 20837 0 0 22154 22303 0 22807 0 23697 0 0 0 0 0 26849 0 0 28901 0 0 30321 0 31609 32603 32958 0 33901 0 35355 36131 0 36248 37174 0 0 0 39525 40388 0 41392 41717 42543 42796 43284 44045 0 0 45127 0 46178 47041 0 47799 48374 48582 0 0 0 0 
0 1019 0 0 2274 2274 0 0 0 0 0 0 0 5669 0 6369 7164 0 0 9096 0 10734 11687 0 0 12966 0 0 0 0 0 0 18090 18413 0 19107 19932 0 20281 20334 20767 20837 20935 21859 0 22303 22761 22807 0 0 0 25244 26157 0 0 0 27500 27902 0 0 29598 30321 0 31609 0 32958 0 0 0 0 0 36192 0 0 0 37943 38851 0 40388 0 41392 0 0 42796 0 44045 0 44951 45127 45661 0 47041 47729 0 0 0 48858 0 49472 50350 
447 1019 0 0 0 2274 2784 0 3244 0 0 4059 0 5669 0 6369 7164 7496 8273 9096 9741 10734 0 12505 12826 0 0 0 0 15870 16801 17708 0 0 19001 0 0 0 0 0 0 0 20935 21859 0 0 22761 0 23082 0 0 0 0 0 0 26849 0 27902 28901 29151 0 0 30998 0 32603 32958 0 0 0 0 0 36192 0 0 0 37943 38851 0 0 41155 41392 0 0 42796 0 0 44627 44951 45127 45661 46178 0 0 47799 48374 48582 0 49277 0 0 
447 1019 0 0 0 2274 0 2803 0 3924 4029 0 0 5669 5685 0 0 0 16515 0 0 0 11687 0 0 12966 13860 0 15035 15870 16801 0 18090 0 19001 0 0 0 20281 20334 0 20837 0 21859 0 22303 22761 0 23082 23697 0 0 26157 0 0 0 27500 27902 28901 29151 29598 30321 0 0 32603 32958 0 0 0 35355 36131 36192 36248 37174 0 0 0 39525 40388 41155 41392 41717 0 0 0 44045 44627 44951 0 45661 0 0 0 0 48374 48582 48858 0 49472 0 
0 1019 0 1575 0 0 2784 2803 3244 3924 4029 0 0 0 5685 6369 0 7496 8273 0 0 10734 0 12505 12826 0 13860 14040 0 0 16801 0 18090 0 19001 19107 19932 0 20281 20334 20767 0 20935 0 0 22303 22761 22807 0 23697 24556 0 26157 0 26634 26849 0 27902 0 0 29598 0 30998 0 0 0 0 33901 0 35355 36131 36192 0 0 0 37943 0 39525 40388 0 0 41717 0 0 43284 0 44627 44951 0 0 0 47041 0 47799 0 0 48858 49277 0 50350 
447 0 1267 0 2274 0 0 0 3244 0 4029 4059 4837 0 0 0 0 0 0 9096 0 10734 11687 12505 12826 0 0 0 0 15870 16801 17708 18090 18413 19001 19107 0 20150 20281 20334 20767 20837 20935 21859 0 0 0 0 0 0 24556 0 0 0 0 26849 0 27902 0 0 29598 0 0 31609 0 32958 33573 0 34506 0 0 36192 0 0 0 37943 38851 0 40388 41155 41392 0 42543 42796 0 0 44627 0 45127 0 46178 0 0 47799 0 0 48858 0 0 0 
447 1019 0 0 0 0 0 0 0 3924 0 4059 4837 5669 0 0 0 0 8273 0 9741 0 4425 12505 12826 12966 13860 14040 15035 0 0 17708 18090 0 19001 19107 19932 20150 20281 20334 20767 0 0 0 22154 0 22761 22807 0 23697 0 25244 26157 0 26634 0 0 27902 0 0 0 0 30998 0 0 0 33573 33901 0 35355 0 36192 36248 37174 37179 0 38851 0 0 0 41392 41717 42543 0 43284 0 44627 0 0 45661 46178 0 0 0 0 0 48858 0 49472 50350 
0 1019 0 1575 0 2274 0 2803 3244 3924 0 4059 0 5669 0 6369 7164 0 8273 0 9741 0 11687 12505 0 0 13860 14040 0 15870 0 17708 18090 18413 0 19107 0 20150 20281 0 4252 0 0 0 22154 22303 0 0 23082 23697 24556 0 0 26605 0 0 27500 27902 0 0 0 0 0 0 32603 0 33573 33901 0 0 36131 36192 0 37174 37179 0 38851 39525 0 41155 0 41717 42543 0 0 0 0 0 45127 45661 46178 0 47729 47799 48374 0 0 49277 49472 0 
447 1019 0 0 0 2274 0 0 3244 3924 4029 4059 4837 5669 0 0 0 7496 8273 9096 9741 10734 0 12505 0 12966 13860 0 15035 15870 16801 17708 0 18413 0 0 0 20150 20281 0 20767 20837 0 21859 0 14545 0 22807 23082 23697 0 25244 0 26605 26634 26849 27500 27902 0 29151 0 0 0 31609 0 0 0 33901 34506 35355 36131 36192 36248 0 37179 37943 0 39525 40388 0 41392 41717 42543 42796 0 0 44627 44951 45127 45661 46178 47041 0 47799 48374 48582 0 0 0 50350 
0 1019 0 0 2274 2274 2784 2803 3244 0 0 4059 4837 0 0 6369 0 7496 0 0 9741 0 11687 12505 12826 0 13860 14040 15035 0 16801 17708 0 18413 0 0 0 0 0 20334 20767 20837 0 0 22154 22303 0 22807 23082 23697 0 0 26157 0 0 26849 27500 27902 28901 29151 29598 30321 30998 0 32603 32958 0 33901 34506 0 0 0 36248 0 37179 0 38851 0 0 0 41392 0 0 42796 43284 44045 0 44951 0 45661 46178 47041 0 0 0 0 48858 0 49472 50350 
0 0 1267 0 2274 0 0 0 3244 3924 4029 0 4837 5669 0 6369 0 0 8273 9096 0 10734 0 0 0 0 13860 0 15035 0 0 0 18090 18413 19001 19107 19932 20150 0 20334 0 20837 0 21859 22154 0 22761 0 11114 23697 0 0 26157 0 26634 0 0 27902 0 29151 29598 0 30998 0 32603 32958 33573 33901 34506 0 36131 0 36248 0 0 37943 38851 39525 40388 0 41392 41717 0 0 43284 0 44627 44951 0 0 0 47041 0 0 48374 0 48858 49277 49472 0 
0 1019 0 1575 0 0 0 2803 0 0 0 4059 4837 0 0 0 0 0 8273 9096 0 0 11687 12505 0 12966 0 0 0 0 16801 0 0 0 19001 0 0 20150 0 20334 20767 20837 0 0 0 0 22761 22807 0 0 0 25244 26157 0 26634 26849 0 27902 0 29151 0 0 30998 31609 32603 0 0 33901 0 35355 0 36192 36248 0 0 37943 0 0 0 0 0 41717 42543 0 43284 44045 0 0 45127 0 0 0 0 47799 0 0 48858 0 49472 0 
447 1019 1267 1575 2274 2274 2784 2803 3244 0 4029 4059 4837 5669 5685 0 7164 7496 8273 9096 0 0 11687 12505 0 0 0 0 0 15870 16801 17708 0 0 19001 0 0 20150 20281 0 20767 20837 0 0 0 22303 0 22807 23082 23697 0 25244 0 0 0 26849 0 0 28901 29151 0 30321 30998 0 32603 0 0 0 34506 0 0 36192 0 37174 0 0 0 39525 0 41155 0 41717 0 42796 0 0 44627 0 0 0 46178 0 47729 0 0 0 48858 0 49472 50350 
20306 0 0 1575 0 0 0 2803 3244 3924 37590 0 4837 0 0 6369 0 7496 8273 9096 0 0 0 0 12826 12966 13860 14040 15035 0 16801 17708 18090 0 19001 19107 19932 0 20281 0 20767 20837 20935 0 22154 22303 22761 0 0 0 0 25244 0 0 0 0 27500 27902 28901 0 29598 30321 0 31609 0 32958 0 33901 34506 35355 0 36192 36248 0 37179 37943 0 0 0 41155 0 0 42543 0 0 44045 0 0 45127 0 46178 47041 47729 47799 48374 48582 0 49277 49472 0 
447 1019 1267 1575 0 0 0 0 0 0 4029 4059 4837 5669 5685 0 7164 0 0 0 9741 10734 11687 0 12826 0 13860 0 15035 15870 16801 0 18090 0 0 0 19932 0 0 20334 20767 20837 20935 21859 22154 0 22761 0 0 23697 24556 25244 26157 26605 26634 0 0 27902 28901 0 29598 30321 0 31609 36308 0 0 0 34506 35355 36131 36192 36248 0 37179 0 0 0 40388 41155 41392 0 0 0 0 44045 0 44951 0 45661 46178 0 47729 0 0 48582 48858 0 0 0 
0 0 0 1575 2274 2274 0 2803 3244 3924 0 0 4837 5669 0 6369 7164 7496 0 0 0 0 0 12505 12826 0 0 0 15035 15870 0 17708 0 0 0 19107 19932 0 0 20334 0 0 20935 21859 22154 0 0 0 0 23697 0 0 0 0 26634 26849 0 27902 0 0 0 30321 30998 31609 0 32958 33573 0 34506 0 36131 36192 36248 0 37179 0 38851 0 40388 0 41392 0 42543 42796 2980 44045 0 0 45127 45661 0 0 0 47799 48374 48582 48858 0 0 50350 
447 1019 0 1575 2274 0 2784 2803 3244 0 0 0 4837 5669 0 0 0 7496 0 0 10157 10734 11687 12505 0 0 0 0 15035 0 0 0 0 18413 19001 0 19932 0 20281 0 20767 20837 0 0 0 0 0 0 23082 0 0 25244 0 26605 0 0 0 27902 28901 0 0 30321 30998 31609 32603 32958 0 33901 34506 35355 0 0 0 0 37179 37943 0 39525 40388 41155 41392 41717 42543 0 0 44045 44627 44951 45127 0 46178 47041 0 0 0 48582 48858 0 49472 50350 
447 1019 0 0 0 2274 2784 0 3244 3924 4029 0 0 0 0 0 0 7496 8273 9096 0 10734 0 0 0 0 13860 0 0 0 0 0 18090 0 19001 19107 19932 20150 20281 0 0 20837 20935 21859 0 0 0 0 0 0 0 0 26157 0 26634 0 27500 0 28901 0 0 30321 0 31609 0 0 0 0 0 35355 0 0 0 37174 0 37943 38851 39525 40388 41155 0 0 42543 42796 43284 44045 0 44951 0 0 0 47041 0 0 48374 48582 48858 49277 49472 50350 
447 1019 0 1575 2274 2274 2784 2803 0 0 4029 0 0 5669 5685 35791 7164 0 8273 9096 9741 10734 11687 0 0 0 13860 14040 15035 0 16801 0 0 18413 19001 0 0 20150 0 20334 0 0 0 0 22154 22303 22761 22807 0 23697 24556 0 0 0 26634 26849 0 0 0 29151 0 30321 0 31609 32603 0 33573 0 34506 0 0 36192 0 0 37179 0 38851 0 40388 41155 41392 41717 42543 42796 0 44045 44627 44951 45127 0 46178 0 47729 0 48374 0 48858 0 0 0 
447 1019 1267 1575 0 2274 2784 2803 0 0 4029 4059 4837 5669 5685 6369 7164 7496 8273 9096 9741 0 0 12505 0 12966 0 14040 0 15870 0 0 18090 18413 19001 19107 0 20150 0 0 0 20837 20935 0 0 0 0 0 23082 0 0 0 26157 0 0 26849 0 0 0 0 29598 30321 30998 0 32603 0 0 33901 0 0 40068 36192 36248 0 37179 37943 38851 39525 0 41155 41392 0 0 42796 0 44045 0 44951 0 45661 46178 0 47729 0 48374 8407 0 0 0 0 
0 0 0 0 0 2274 0 0 3244 3924 4029 4059 0 0 0 6369 7164 0 8273 9096 9741 10734 11687 12505 12826 0 0 14040 0 15870 16801 0 0 0 0 0 0 0 0 0 20767 0 20935 0 22154 0 0 0 23082 0 24556 0 26157 0 0 26849 0 0 0 29151 0 30321 0 31609 32603 0 0 0 0 35355 36131 36192 0 0 37179 0 38851 39525 0 41155 0 0 42543 42796 0 44045 0 44951 0 0 46178 0 0 0 0 0 48858 49277 0 0 
0 1019 1267 0 2274 0 2784 2803 0 3924 4029 0 0 0 0 0 7164 7496 0 0 0 0 0 0 12826 12966 13860 14040 0 15870 16801 17708 0 18413 0 19107 0 20150 0 20334 0 0 20935 0 0 0 22761 0 23082 23697 0 0 0 0 26634 26849 0 27902 0 0 29598 0 0 0 32603 32958 33573 0 34506 35355 0 36192 0 0 0 37943 0 39525 0 41155 41392 0 0 0 0 44045 0 44951 45127 0 46178 47041 0 0 0 0 0 49277 0 50350 
0 0 0 1575 0 2274 2784 2803 0 3924 0 4059 4837 5669 0 0 7164 7496 0 9096 9741 0 11687 12505 0 12966 13860 0 15035 15870 16801 0 18090 18413 0 0 19932 0 20281 20334 20767 20837 0 0 0 22303 22761 0 0 23697 24556 25244 0 26605 0 0 27500 27902 28901 0 29598 30321 30998 31609 0 0 33573 0 0 35355 0 0 36248 37174 0 0 38851 0 0 41155 0 41717 0 42796 43284 44045 44627 44951 45127 45661 0 47041 47729 47799 0 48582 48858 0 0 0 
0 0 1267 1575 0 0 2784 2803 3244 3924 4029 0 4837 0 5685 0 7164 7496 8273 0 0 10734 11687 0 12826 0 13860 14040 0 15870 0 0 18090 18413 19001 19107 19932 20150 20281 0 0 0 0 0 22154 22303 0 0 23082 0 28795 0 26157 0 26634 0 0 0 0 29151 29598 30321 0 31609 0 32958 33573 33901 0 35355 36131 0 0 37174 37179 0 0 39525 0 41155 0 0 0 42796 0 0 44627 0 45127 45661 0 47041 47729 47799 0 48582 48858 0 49472 50350 
447 0 1267 0 0 2274 2784 0 3244 0 0 4059 0 0 0 0 7164 0 8273 9096 9741 10734 0 12505 12826 0 13860 14040 0 15870 0 0 18090 18413 19001 19107 19932 0 0 0 20767 0 20935 0 0 22303 0 0 23082 23697 0 25244 26157 26605 0 26849 27500 0 0 0 29598 0 30998 31609 0 0 33573 33901 0 0 0 36192 36248 37174 37179 37943 38851 0 0 41155 0 41717 42543 42796 43284 0 44627 44951 0 45661 46178 47041 47729 47799 48374 0 48858 49277 49472 50350 
0 0 1267 1575 2274 2274 2784 0 3244 3924 0 0 0 5669 5685 0 7164 0 0 0 0 0 11687 12505 0 12966 13860 0 15035 0 16801 0 18090 0 0 0 19932 0 0 20334 20767 0 0 21859 22154 0 0 22807 23082 0 0 0 0 26605 26634 26849 27500 0 0 0 29598 30321 30998 0 0 0 33573 33901 0 0 36131 36192 0 37174 0 37943 0 39525 0 0 0 0 0 0 43284 0 44627 0 45127 45661 0 47041 0 47799 48374 48582 48858 0 49472 50350 
0 1019 0 1575 0 0 2784 2803 3244 3924 0 0 0 0 0 6369 7164 7496 8273 9096 9741 0 0 12505 12826 0 13860 0 0 0 16801 17708 0 0 0 0 0 20150 20281 20334 0 20837 0 21859 22154 22303 0 0 0 23697 24556 25244 26157 26605 0 26849 27500 27902 0 29151 0 0 30998 31609 32603 32958 0 0 0 35355 36131 36192 0 37174 0 0 38851 39525 40388 0 0 0 42543 0 0 44045 44627 0 0 0 46178 47041 0 0 0 48582 48858 49277 0 50350 
447 0 1267 0 0 2274 2784 0 3244 0 4029 4059 0 0 0 6369 0 0 8273 0 0 10734 0 12505 12826 0 0 14040 15035 0 16801 17708 0 0 19001 19107 19932 0 20281 20334 20767 20837 20935 0 0 22303 0 22807 23082 23697 24556 0 26157 0 26634 26849 27500 0 0 29151 0 0 30998 0 0 0 33573 33901 0 0 0 36192 36248 37174 37179 37943 38851 0 0 0 0 0 0 0 0 0 0 0 0 0 0 0 0 47799 48374 0 48858 49277 49472 0 
447 0 1267 1575 2274 0 0 2803 0 0 4029 0 4837 0 5685 0 7164 0 0 9096 9741 10734 11687 0 0 0 13860 0 15035 15870 16801 0 18090 18413 0 0 19932 0 0 20334 20767 0 20935 21859 0 0 22761 0 23082 23697 0 25244 0 0 0 0 0 0 0 29151 0 30321 30998 0 32603 0 33573 0 0 35355 0 36192 0 37174 0 37943 38851 0 0 41155 0 0 0 0 43284 0 44627 0 45127 45661 0 0 47729 47799 48374 48582 0 0 49472 0 
0 1019 1267 1575 2274 0 2784 0 0 0 0 4059 4837 0 0 6369 0 0 8273 0 0 10734 0 0 0 0 13860 0 15035 15870 0 0 18090 18413 0 19107 0 0 20281 20334 20767 20837 0 0 0 22303 22761 22807 0 0 0 25244 0 26605 26634 0 0 27902 28901 0 0 0 0 31609 32603 0 33573 0 0 0 36131 0 36248 0 37179 37943 38851 39525 0 0 0 41717 0 42796 43284 44045 44627 0 45127 0 0 47041 47729 0 48374 48582 0 49277 0 0 
447 1019 1267 48846 2274 2274 2784 2803 0 0 4029 4059 4837 5669 5685 6369 7164 7496 0 9096 9741 0 11687 0 0 0 0 14040 15035 0 0 0 0 18413 0 19107 0 0 0 0 20767 20837 20935 21859 0 22303 0 22807 23082 0 24556 25244 0 0 0 0 0 27902 28901 0 29598 30321 0 31609 0 32958 33573 0 0 0 0 36192 0 37174 37179 37943 0 39525 40388 41155 0 41717 0 0 43284 44045 0 44951 0 0 46178 47041 0 0 0 48582 0 0 49472 50350 
0 0 0 0 0 2274 2784 0 3244 0 0 0 4837 5669 5685 0 0 7496 0 9096 0 0 11687 0 12826 12966 0 0 0 0 0 17708 18090 18413 0 19107 0 0 0 20334 26867 0 0 0 22154 22303 0 22807 23082 0 24556 25244 26157 0 0 26849 0 27902 0 29151 0 30321 0 31609 32603 0 0 0 0 0 0 36192 36248 0 37179 0 38851 39525 0 0 41392 0 42543 42796 43284 44045 44627 0 0 0 0 0 0 47799 0 48582 48858 0 0 50350 
447 1019 1267 0 2274 2274 2784 2803 0 3924 4029 4059 4837 0 0 0 7164 7496 0 0 0 0 11687 0 0 12966 0 0 0 0 16801 17708 18090 0 0 19107 0 0 20281 20334 0 0 0 0 22154 0 0 22807 23082 23697 24556 25244 0 26605 26634 26849 27500 27902 0 0 0 0 0 31609 0 32958 0 33901 0 0 36131 36192 0 0 0 37943 0 39525 0 41155 0 0 42543 0 0 0 44627 0 45127 45661 46178 0 0 47799 0 0 0 0 49472 0 
447 1019 1267 0 0 0 0 0 0 3924 4029 0 4837 0 5685 6369 0 0 8273 0 0 10734 11687 12505 12826 12966 13860 0 0 0 0 0 0 18413 19001 19107 19932 20150 0 0 20767 0 20935 21859 22154 22303 0 22807 0 0 0 0 26157 26605 26634 0 0 27902 0 29151 0 0 0 0 0 32958 0 33901 34506 35355 0 0 0 37174 0 37943 0 0 0 0 0 0 42543 0 0 0 0 0 0 0 46178 47041 0 0 0 48582 48858 0 0 50350 
447 1019 1267 1575 0 0 2784 0 3244 3924 0 0 4837 5669 0 0 0 0 0 9096 0 0 0 12505 12826 0 0 14040 0 0 0 17708 18090 0 19001 0 19932 0 0 20334 20767 0 0 0 22154 22303 22761 22807 23082 0 0 25244 0 0 26634 26849 27500 0 28901 29151 29598 30321 30998 31609 32603 0 0 0 34506 35355 0 0 36248 37174 37179 37943 38851 0 40388 41155 41392 41717 0 0 43284 0 0 44951 45127 45661 0 0 0 0 0 48582 48858 49277 49472 50350 
