10000
36 15
53 33
34 70
75 23
74 26
27 8
88 5
19 79
92 19
74 54
14 81
42 59
56 50
24 98
54 37
79 37
88 97
46 2
76 78
28 99
35 64
54 81
44 61
4 65
10 21
4 89
16 54
51 32
86 12
34 82
33 3
2 92
42 26
25 84
48 17
87 53
84 60
55 24
9 100
97 94
1 52
20 3
53 61
25 60
99 62
53 31
97 100
59 82
38 14
56 40
49 24
47 33
44 73
62 84
1 81
81 22
88 58
11 44
40 69
99 55
15 4
26 26
13 42
36 41
36 63
39 14
42 58
64 83
72 92
32 18
84 45
30 69
83 40
54 100
28 86
77 8
72 77
16 7
44 23
20 71
48 6
69 60
86 71
3 90
22 26
89 88
93 88
87 30
75 35
45 74
80 66
70 23
81 99
32 43
5 14
87 80
9 29
57 17
43 26
65 33
83 3
73 38
92 19
64 14
59 42
29 58
49 72
83 82
2 28
42 82
79 31
80 12
34 8
47 76
10 74
76 89
65 84
80 24
64 55
35 32
12 58
41 50
28 2
83 61
48 38
72 52
33 43
14 57
56 49
57 91
76 22
50 60
3 61
63 8
22 89
90 96
65 45
75 24
28 63
85 22
16 47
32 77
68 61
80 96
47 74
76 49
64 73
21 74
69 80
89 41
79 46
3 7
92 64
90 11
28 80
22 74
54 73
60 91
39 33
56 42
50 43
62 71
67 94
3 19
7 45
89 22
7 89
42 50
98 27
60 32
6 15
47 94
94 11
58 52
57 90
41 49
20 55
5 46
18 56
78 24
75 93
42 92
83 90
13 68
39 68
3 94
93 52
67 51
81 92
13 48
57 21
27 4
39 93
41 67
86 22
14 65
86 22
87 9
60 95
32 75
58 37
37 66
88 4
30 44
41 80
87 38
28 91
60 42
38 97
13 14
77 48
85 79
50 48
57 91
83 94
3 68
8 47
59 65
35 39
31 48
54 59
72 15
94 46
88 16
17 20
9 56
32 60
80 21
95 81
100 8
95 89
71 30
25 58
67 6
29 37
100 65
64 4
10 27
34 15
18 86
76 77
85 11
69 72
72 6
71 86
23 99
83 84
41 27
19 15
28 37
54 34
35 29
34 20
97 89
12 15
84 60
51 88
43 91
19 50
60 46
34 16
6 80
43 87
18 89
37 99
30 92
70 32
21 24
90 21
32 79
78 67
87 13
10 18
36 22
67 87
62 32
76 75
89 69
60 23
23 22
40 43
11 32
25 40
3 88
41 29
29 42
8 19
43 88
73 32
29 58
24 8
23 6
92 85
57 56
32 41
65 64
74 28
15 15
43 69
77 15
25 81
20 18
37 43
90 96
8 54
80 80
77 95
23 86
73 92
59 54
70 68
82 13
4 83
59 62
26 60
98 20
8 94
25 49
83 89
50 91
19 42
37 100
9 70
75 95
67 3
34 90
98 25
96 100
1 8
25 47
56 70
91 36
83 43
64 16
66 88
35 62
31 29
98 79
17 95
29 54
18 81
73 20
63 25
89 95
89 48
76 27
68 24
95 66
40 12
100 2
84 69
99 75
73 81
18 37
29 15
21 25
97 92
100 49
67 43
89 12
95 82
46 58
44 80
63 88
12 85
97 41
97 68
85 94
25 29
36 30
65 1
70 18
84 93
8 47
7 71
47 3
5 39
62 40
49 59
6 73
78 38
60 68
56 85
46 52
38 46
100 46
78 25
30 72
34 55
72 9
21 96
7 3
100 33
30 10
3 15
87 26
63 32
77 52
22 77
32 43
44 58
50 52
22 92
12 74
78 64
42 22
22 87
87 24
25 3
52 89
70 45
27 63
20 11
52 66
68 41
19 43
63 15
48 70
57 38
97 62
13 38
25 74
2 65
76 25
76 10
57 34
23 98
37 42
61 44
7 48
23 19
59 92
10 69
20 8
81 69
75 60
69 93
64 8
79 30
93 26
60 9
52 89
2 72
2 55
98 53
27 85
15 59
20 16
8 38
84 1
48 25
2 59
20 95
17 59
81 10
7 32
94 73
1 56
76 84
11 30
67 6
4 4
1 72
34 87
88 26
40 27
9 89
45 64
51 57
4 94
85 82
58 53
71 41
85 61
47 31
87 48
86 28
24 17
67 77
77 17
94 15
33 97
20 24
80 26
24 19
23 57
25 59
27 94
14 78
28 90
15 60
46 70
17 12
29 3
63 87
17 91
86 1
23 19
88 32
8 78
25 45
94 36
53 49
36 46
14 23
77 14
70 46
91 45
7 8
16 43
30 54
36 2
62 78
10 53
9 27
15 19
12 59
13 46
30 41
65 52
19 25
86 70
3 92
26 52
77 38
36 44
42 48
61 14
16 60
14 48
13 61
3 14
91 83
42 8
77 99
44 69
20 13
33 47
30 24
97 25
39 49
75 49
34 20
92 18
3 74
1 73
29 45
100 63
77 18
98 84
17 5
55 51
12 82
6 84
59 12
43 50
99 63
92 79
4 61
56 3
79 73
13 92
41 8
37 19
24 57
75 50
15 56
1 66
62 40
9 79
40 10
17 34
11 98
10 93
75 65
65 36
86 39
94 61
10 3
1 8
81 47
34 78
71 43
34 55
47 22
60 22
78 45
46 4
38 15
85 59
33 4
83 30
46 45
6 50
41 23
33 11
1 35
13 36
45 12
98 20
60 24
46 23
91 88
27 47
33 96
79 31
40 74
81 46
10 6
81 100
77 4
69 9
70 7
87 38
96 61
32 13
68 46
13 46
90 93
58 93
96 80
19 95
71 95
47 99
55 78
27 85
66 82
6 50
8 94
55 1
99 15
10 14
91 72
63 82
19 72
14 29
21 45
81 73
61 1
100 44
44 95
25 32
89 63
99 21
56 63
72 21
99 50
32 35
65 70
96 56
31 11
78 56
36 72
48 11
99 75
78 67
79 64
44 19
41 69
66 8
15 72
97 56
34 74
9 27
19 91
27 63
68 31
47 46
81 25
6 87
27 84
44 48
98 40
4 13
82 76
82 49
20 2
38 1
39 15
6 83
87 11
58 72
46 95
3 55
65 62
35 90
41 71
36 7
35 56
2 100
37 30
70 49
24 72
68 68
76 92
95 73
95 63
5 92
96 27
45 58
62 34
24 94
32 13
84 32
28 9
21 64
43 87
4 64
24 41
26 21
3 84
14 34
35 41
38 48
73 22
77 77
88 22
36 96
73 12
10 87
34 92
96 47
80 56
26 89
84 25
12 44
77 47
90 18
43 91
72 17
70 10
7 1
54 73
71 46
17 37
59 8
13 69
79 29
5 12
63 43
66 75
84 31
59 23
15 32
23 57
98 92
59 95
91 14
96 10
61 74
93 26
23 81
30 23
78 3
90 36
42 75
68 80
14 79
83 55
14 31
30 48
35 74
65 35
51 84
29 60
97 50
83 21
2 2
15 54
17 58
46 88
33 73
7 17
22 24
92 20
4 85
42 86
14 67
36 99
30 48
2 74
59 33
48 87
51 58
23 25
100 3
74 90
4 1
26 67
47 15
54 75
23 35
95 57
42 81
25 67
68 59
41 94
40 94
52 54
22 74
42 31
70 83
75 33
44 64
55 29
100 17
28 38
14 62
93 97
46 44
90 54
51 77
44 2
18 7
86 76
79 84
87 40
3 91
85 88
1 10
27 8
96 56
21 29
24 63
98 22
55 59
16 87
83 46
50 37
62 40
74 96
34 11
14 69
11 47
83 66
74 40
89 86
27 3
70 75
97 23
23 19
84 67
49 39
83 99
72 26
89 90
76 29
89 33
8 91
23 89
73 89
47 56
45 7
77 73
70 28
58 61
89 26
34 60
16 17
66 43
8 5
31 51
3 53
63 24
44 39
55 62
77 1
58 30
100 100
8 29
99 24
35 36
63 58
6 29
81 64
52 93
20 56
93 55
2 53
26 50
63 64
88 77
25 74
35 5
5 3
52 60
69 21
10 38
5 97
49 55
3 94
41 90
93 50
91 76
92 69
16 61
88 13
86 10
75 24
43 78
24 23
13 50
97 92
78 99
65 96
77 21
23 84
28 40
40 45
81 81
4 42
12 4
65 93
56 45
53 63
53 70
84 29
9 71
61 31
33 98
16 49
13 66
81 29
34 53
68 98
98 60
81 13
39 29
76 30
72 89
95 6
85 74
29 20
18 39
84 19
38 80
25 46
71 14
78 52
28 11
87 56
37 34
29 56
52 91
37 83
19 24
14 8
79 94
5 93
21 21
53 13
11 69
36 68
91 48
56 51
29 66
24 22
100 20
51 72
69 23
25 58
99 58
49 21
63 72
22 48
51 75
89 90
76 32
98 84
32 89
76 59
26 18
56 16
59 89
82 35
56 81
92 75
90 80
89 38
39 8
84 94
99 2
96 45
68 45
50 56
67 55
35 85
24 10
64 27
2 96
13 47
28 100
78 96
87 74
64 41
22 13
16 93
28 15
80 46
44 63
35 72
9 88
63 34
38 66
96 5
92 85
19 2
9 98
19 29
48 42
86 80
78 25
78 21
56 13
81 75
94 58
96 40
70 25
20 36
26 60
54 35
54 23
72 71
87 38
39 10
17 39
26 74
95 61
16 11
85 89
81 63
25 1
76 41
98 47
7 94
71 45
73 50
49 10
84 59
3 23
29 17
3 86
76 87
89 19
21 39
48 97
55 39
25 49
42 40
9 62
16 92
52 96
73 14
78 81
29 75
51 25
84 4
13 1
57 64
2 51
94 86
86 7
74 30
65 38
83 64
43 27
64 52
75 68
24 48
19 84
40 49
89 27
100 87
22 68
88 49
59 78
57 100
98 87
88 75
28 36
1 79
24 39
44 31
99 44
9 59
3 29
32 26
90 88
31 52
44 70
92 63
95 69
48 81
89 49
89 57
68 97
9 2
6 94
13 45
47 77
31 50
37 31
98 95
16 84
79 94
17 94
24 89
21 57
47 10
93 34
2 47
81 93
14 74
12 74
79 24
69 25
72 33
22 97
65 100
28 38
20 2
49 57
97 87
70 7
93 89
3 79
18 34
75 79
84 41
8 13
54 59
28 5
31 22
17 97
9 74
67 86
33 32
74 97
82 4
25 94
98 61
51 71
97 50
97 96
37 41
93 29
86 99
26 75
39 1
65 46
28 65
64 8
59 48
51 62
33 94
58 79
27 17
66 53
36 19
82 80
11 84
24 25
50 35
64 66
45 100
7 48
39 27
84 27
20 66
20 22
10 29
26 17
45 35
69 44
88 38
58 66
38 12
31 73
30 60
55 18
49 66
84 87
1 74
71 76
44 96
78 57
72 52
23 39
26 36
33 45
40 91
52 84
31 71
41 9
92 87
36 56
13 5
81 30
22 58
36 71
99 71
5 64
94 33
9 54
41 4
78 47
80 11
91 24
19 19
46 69
7 54
95 16
85 24
31 20
11 37
28 66
40 1
1 37
62 26
89 94
67 54
4 82
23 66
95 99
33 33
79 8
70 68
47 98
49 87
48 61
74 100
38 40
94 75
75 71
24 84
11 30
57 49
95 21
29 88
99 28
87 58
67 18
43 91
59 31
57 96
89 12
70 15
92 9
20 15
31 96
19 34
37 41
61 58
15 21
54 16
88 98
38 79
24 6
5 3
30 12
88 12
23 32
79 27
23 20
7 21
59 37
41 78
76 95
23 36
1 86
52 78
98 14
93 92
41 79
96 45
65 96
43 70
63 82
27 33
85 56
72 4
18 64
89 47
6 76
87 57
97 90
75 57
4 69
70 91
77 71
80 28
56 4
10 19
35 68
89 67
51 41
36 42
53 33
71 62
100 46
5 21
42 21
10 62
52 11
8 56
86 40
62 54
46 60
30 87
36 59
29 18
4 83
29 27
20 52
88 47
59 95
34 47
97 33
39 63
54 59
88 1
37 84
43 12
54 80
46 13
16 4
6 80
4 88
80 68
3 16
16 34
96 26
68 96
58 25
63 72
51 51
54 58
40 75
22 57
41 30
89 15
22 2
4 86
93 87
64 72
83 6
72 30
62 3
64 51
53 36
11 38
9 49
3 46
31 54
50 92
83 53
44 89
29 93
80 40
98 3
42 78
93 50
69 26
100 32
4 7
83 87
58 19
97 35
22 40
90 7
31 7
53 41
68 47
62 90
51 39
98 30
55 45
26 37
84 50
91 76
15 92
74 75
39 69
85 27
97 56
91 37
56 20
39 20
70 72
28 17
45 11
100 46
81 13
1 94
34 83
9 79
51 43
75 100
63 33
81 96
62 16
31 67
19 18
26 30
78 61
68 59
100 98
14 88
76 61
91 71
8 61
51 11
98 22
61 5
81 76
89 3
77 1
88 25
3 60
76 90
100 69
79 50
89 76
22 72
50 72
56 86
94 13
40 51
33 48
11 95
21 71
89 85
23 61
1 77
30 14
25 56
56 87
13 20
46 77
71 98
8 35
14 100
84 98
52 95
66 75
26 43
68 29
11 60
99 32
72 87
32 3
41 81
79 32
84 78
1 91
69 91
29 50
51 25
79 80
34 36
13 18
65 26
100 92
76 48
21 95
87 29
1 73
11 35
75 17
55 77
85 88
99 1
16 83
54 100
86 25
69 87
96 21
60 47
43 2
38 16
46 14
5 1
86 54
19 76
85 67
58 19
17 72
52 73
72 3
28 47
63 29
84 66
84 72
30 16
28 19
62 87
25 2
39 18
89 40
41 78
4 56
94 86
12 37
49 41
30 54
74 47
90 41
69 91
41 39
46 69
26 60
21 82
26 21
94 86
51 43
56 85
34 6
1 36
85 24
58 80
42 93
21 26
54 15
78 58
16 76
92 55
24 58
61 57
77 45
5 90
9 58
32 76
78 82
63 97
85 99
40 40
78 3
29 25
31 51
89 79
75 73
49 79
61 6
5 34
85 54
25 7
21 94
6 25
93 88
17 98
38 62
100 93
56 22
75 59
9 77
37 55
27 14
65 30
61 7
41 75
70 29
18 77
52 12
85 27
52 43
28 3
49 40
42 93
33 98
53 98
51 3
100 45
19 60
4 47
27 4
73 60
30 86
28 62
52 82
71 32
71 26
57 2
93 67
29 75
52 71
77 49
36 92
30 20
92 44
72 87
27 84
7 12
37 26
15 27
67 4
67 6
29 69
96 59
4 36
54 19
54 89
60 40
77 1
85 81
69 81
91 86
98 30
25 89
71 2
51 10
97 32
63 52
8 85
2 72
59 61
40 20
45 48
74 85
23 33
57 75
91 88
16 50
22 79
41 73
72 58
61 74
98 27
26 1
61 24
96 59
88 51
91 30
25 81
63 16
3 49
93 36
2 45
41 34
87 5
62 89
85 16
11 8
84 43
95 62
14 28
6 22
34 96
93 83
58 100
34 97
55 54
88 58
90 76
22 50
48 75
39 98
40 26
20 73
24 20
36 71
14 86
8 5
36 89
13 6
37 73
53 67
100 90
9 91
64 12
14 87
94 98
82 3
13 60
7 70
76 55
89 92
80 6
26 88
94 47
92 49
66 62
36 68
54 48
23 47
11 100
17 77
41 60
77 99
30 58
89 36
44 16
64 79
25 80
54 91
3 7
6 28
22 88
70 97
56 25
65 3
89 23
53 57
85 59
90 32
68 47
62 81
85 42
14 20
55 72
81 72
15 42
51 92
62 59
44 85
66 76
65 69
79 80
24 67
98 66
57 34
57 82
39 43
51 87
76 86
21 81
2 47
59 93
95 100
8 90
78 11
54 57
4 49
8 17
57 11
33 85
99 34
75 71
53 56
24 81
65 90
10 1
60 73
66 42
50 20
51 11
69 87
71 94
100 95
40 60
28 98
82 69
84 10
99 82
9 47
95 65
94 53
53 78
25 77
98 28
62 8
69 34
60 54
21 13
60 34
97 5
100 7
36 13
32 11
92 38
67 94
84 11
91 93
84 62
48 93
84 45
3 99
36 6
15 25
95 32
48 35
87 81
63 74
46 42
39 25
80 97
49 50
59 2
81 26
67 80
35 32
100 48
86 58
72 72
73 51
75 97
10 74
46 100
37 80
66 65
57 10
53 100
41 47
12 59
45 48
88 75
98 4
31 57
40 17
8 25
43 20
56 20
13 25
49 28
22 62
17 66
44 1
50 100
14 70
2 60
42 88
78 87
76 37
57 90
56 27
17 21
87 94
25 5
98 12
3 51
10 20
2 33
36 46
14 84
50 43
47 82
91 32
1 96
24 64
99 4
51 88
68 30
94 15
36 69
73 8
5 6
3 11
27 99
22 34
36 86
14 37
84 52
6 56
37 87
30 31
92 23
57 36
13 38
84 57
52 98
10 70
39 41
89 11
93 32
82 91
57 15
42 41
43 9
6 90
99 76
66 22
46 30
66 38
10 69
62 59
52 62
23 8
90 93
24 7
53 16
19 37
97 12
85 26
29 99
76 45
23 88
16 79
76 37
55 27
29 55
92 100
75 36
35 27
85 1
75 30
85 45
46 98
30 68
47 40
54 58
48 83
22 95
74 78
93 12
40 77
51 65
11 83
73 61
24 33
2 79
77 16
1 6
97 83
53 98
91 1
15 60
90 26
58 20
17 85
34 21
15 81
96 40
87 20
60 33
9 5
73 73
36 96
11 43
100 49
70 73
40 21
83 18
50 70
28 42
36 78
92 42
81 66
71 82
26 65
4 20
9 32
73 89
90 3
7 82
38 21
94 71
30 45
25 56
17 51
33 33
20 40
27 81
24 41
39 43
72 14
39 100
56 87
95 7
23 6
58 47
30 39
82 34
56 20
14 28
82 97
27 98
89 67
46 58
53 44
21 41
37 5
42 6
64 89
10 76
48 21
33 39
1 93
1 22
23 37
53 84
16 85
21 88
14 71
36 89
93 68
45 33
59 79
95 35
82 98
71 44
80 42
16 5
27 3
32 93
65 77
9 43
89 60
13 9
42 23
15 2
90 58
44 92
53 87
100 82
99 80
75 76
17 76
69 25
57 81
63 23
48 87
20 87
50 57
18 21
96 29
58 51
2 3
75 75
25 59
67 59
60 29
86 79
100 100
8 13
41 37
10 3
41 82
67 86
84 68
27 12
14 39
49 99
80 34
5 59
15 40
79 15
9 44
27 90
31 77
32 37
72 7
12 3
10 42
91 78
5 63
40 16
64 64
53 10
6 20
37 69
38 30
37 12
51 8
4 76
75 8
64 80
14 47
23 7
20 64
95 16
78 90
45 25
76 95
42 34
26 93
71 36
66 95
35 11
18 36
61 49
37 94
74 72
22 24
100 69
89 84
13 16
93 39
93 97
33 15
74 30
53 28
87 14
73 91
24 65
54 57
64 32
27 37
24 40
26 56
71 94
28 59
28 28
71 92
22 33
71 62
68 20
89 98
41 36
15 7
33 90
96 95
63 36
4 57
3 23
62 9
65 6
77 23
53 36
45 96
49 56
94 82
20 15
1 6
54 22
98 85
6 14
99 73
68 38
27 8
62 45
78 95
81 55
100 4
1 15
22 19
34 2
71 75
2 11
28 64
18 3
76 90
42 20
84 55
40 53
30 69
29 21
12 41
62 64
89 18
29 77
94 23
97 63
89 35
91 79
34 11
43 63
6 74
91 26
52 34
95 16
7 1
5 3
74 48
90 56
46 70
57 5
95 17
59 26
44 96
70 78
18 14
53 45
85 43
54 25
22 14
100 45
79 31
57 57
52 53
56 27
67 45
34 2
72 29
23 21
83 30
74 27
96 75
52 13
14 80
42 28
89 42
4 28
86 62
82 39
25 66
6 93
72 34
62 12
68 10
5 14
67 12
34 17
68 93
76 3
45 68
10 5
25 77
41 52
20 33
60 32
50 44
58 94
11 67
47 2
41 70
10 4
29 39
73 50
13 5
59 74
1 67
47 55
52 87
26 68
87 61
7 87
33 57
78 32
74 92
14 49
9 9
76 3
44 47
32 21
4 77
46 62
26 72
88 67
28 14
3 57
66 64
2 1
82 46
74 1
52 6
38 5
71 71
23 54
61 66
78 38
95 42
61 89
75 61
90 68
9 28
31 81
19 33
65 24
11 95
24 60
23 44
65 96
56 26
6 52
19 30
52 95
5 16
8 78
17 6
61 8
27 29
99 81
14 45
1 41
46 18
6 73
95 73
72 49
40 50
25 3
67 65
89 41
97 38
2 33
69 76
29 54
34 85
75 85
54 96
27 86
12 75
40 86
48 46
29 44
80 40
39 51
32 20
35 45
34 91
79 59
90 43
55 54
67 72
38 44
10 74
34 52
27 39
52 57
82 1
39 86
46 70
57 61
86 31
7 94
84 42
55 38
46 56
35 69
97 97
25 10
70 79
21 78
73 70
61 73
64 86
13 93
45 91
43 81
28 86
35 3
40 17
13 19
38 48
59 54
38 25
6 73
83 6
55 53
50 87
84 98
79 5
17 15
36 74
20 17
35 61
45 69
24 30
88 85
47 50
7 1
19 97
21 81
87 58
95 88
9 95
23 24
30 59
96 29
87 97
74 25
6 51
67 29
20 52
11 79
75 46
11 1
55 82
90 37
42 44
49 16
86 58
68 30
40 47
10 58
64 32
46 64
94 92
77 16
95 66
73 65
8 66
89 33
63 77
74 42
45 4
61 56
99 90
4 19
10 26
8 28
34 75
18 99
96 47
29 100
43 96
57 43
32 11
49 12
45 50
44 38
83 58
12 6
87 4
98 71
2 96
29 100
24 24
78 72
31 68
79 52
78 80
52 54
64 13
42 39
32 11
89 90
45 51
4 11
20 92
40 92
24 61
54 55
69 62
5 4
38 2
8 59
23 12
59 72
86 11
56 45
63 91
98 55
36 98
74 5
11 99
44 83
92 75
10 27
88 7
53 69
61 64
97 48
74 42
13 6
42 53
34 14
26 39
13 21
4 92
44 77
4 87
23 82
23 50
48 40
41 21
63 23
38 100
94 68
57 30
58 54
92 3
9 82
85 67
16 96
60 25
24 23
81 11
15 43
33 7
90 19
53 14
87 20
51 13
89 1
61 23
1 6
51 18
84 75
74 32
26 45
3 13
67 89
43 87
9 56
24 16
75 92
46 86
88 49
22 30
51 3
90 63
49 73
5 50
55 26
48 78
77 71
93 97
54 1
72 20
11 2
24 4
37 32
75 58
22 27
33 18
19 27
43 16
90 87
7 31
33 29
46 14
98 43
31 33
27 70
48 90
15 36
29 73
40 62
92 15
93 74
42 81
11 69
65 86
44 50
3 44
75 31
24 92
21 73
25 53
88 41
61 63
4 42
27 74
96 78
8 89
70 16
5 46
57 68
21 55
45 90
8 44
96 88
61 13
28 13
85 13
100 85
39 65
31 55
10 63
26 36
94 14
6 50
99 13
26 94
83 52
86 80
96 98
62 24
74 92
46 83
37 13
7 23
25 72
64 6
51 57
16 27
64 18
94 3
10 52
100 89
60 55
8 17
84 70
26 42
83 1
28 63
78 46
63 15
9 14
58 62
4 55
9 44
46 39
66 22
66 14
51 42
77 40
35 33
44 30
50 12
12 92
98 9
94 32
45 93
32 31
92 32
67 90
77 6
50 62
15 99
28 6
73 66
2 1
2 38
66 97
38 90
83 1
26 82
73 67
21 13
17 12
75 49
71 8
98 47
22 75
1 39
28 48
84 79
68 91
92 94
37 55
50 98
40 50
96 80
58 65
36 78
62 57
23 47
40 31
70 38
41 97
83 8
36 11
7 77
14 33
77 17
43 29
88 31
26 11
67 9
49 73
49 12
57 9
98 10
94 94
39 30
20 4
55 17
41 96
76 6
27 63
43 38
92 64
23 13
18 28
25 8
60 26
59 18
32 57
52 36
3 96
15 14
27 95
40 93
71 28
21 44
35 43
4 26
56 33
73 70
4 57
100 63
66 89
15 37
93 47
34 7
84 57
98 47
38 95
4 39
15 69
80 85
90 70
100 17
91 80
72 72
14 90
43 85
6 39
42 33
84 4
55 7
38 100
4 56
16 37
14 29
55 96
57 44
56 96
30 96
62 11
77 39
20 80
14 66
60 89
79 75
16 1
44 77
41 96
79 75
27 57
45 55
37 60
47 11
2 21
40 79
80 85
61 39
47 76
28 29
63 98
80 25
89 37
45 68
64 73
41 66
97 11
7 47
69 30
54 17
68 91
57 84
84 91
2 12
36 54
29 77
62 90
59 11
67 11
15 67
17 47
53 64
16 71
45 39
90 75
59 88
77 85
73 10
68 99
99 72
50 47
9 79
37 63
38 62
89 23
12 8
18 57
91 48
52 85
92 71
49 38
4 21
47 33
19 78
38 96
38 60
91 65
95 20
36 67
52 84
70 10
99 63
95 98
6 83
91 99
28 11
26 87
66 93
97 12
49 40
43 38
5 74
49 39
44 59
91 24
52 92
67 51
44 66
69 4
8 49
96 51
99 54
77 96
81 40
22 67
13 54
17 33
47 60
83 12
61 38
31 57
52 3
5 47
61 37
99 12
72 30
34 77
81 49
24 31
12 46
48 68
27 1
5 30
47 11
29 86
73 49
29 35
30 22
33 93
27 62
13 96
25 43
85 49
49 56
85 47
31 45
63 70
23 97
42 73
20 32
89 12
89 32
80 17
12 64
94 76
77 41
87 62
70 24
82 17
56 31
34 5
72 53
41 61
18 36
90 51
48 83
99 48
13 50
17 9
43 33
43 53
16 55
36 37
4 53
12 22
26 16
19 3
72 49
58 75
55 95
52 64
53 95
13 9
93 62
68 93
97 69
63 70
89 99
26 97
23 97
55 35
68 72
51 30
11 15
97 12
30 12
79 72
66 14
94 88
54 81
42 99
38 19
18 53
13 61
41 42
53 84
63 56
95 5
57 72
56 76
42 71
37 81
56 58
92 86
11 84
64 49
16 42
54 63
59 43
75 43
52 61
76 56
22 43
65 69
71 82
93 53
5 48
84 59
1 98
50 43
57 55
72 46
38 8
19 35
49 39
95 58
2 85
71 97
13 13
64 51
96 68
59 5
10 63
62 30
74 58
94 48
42 46
36 70
71 7
48 38
33 75
20 53
5 50
31 23
78 97
14 94
23 59
31 14
61 35
59 9
59 76
73 54
75 97
50 16
45 17
55 7
40 14
89 89
9 57
76 19
96 69
64 68
2 61
18 70
27 33
25 16
99 23
92 45
65 7
80 26
51 98
7 3
18 31
83 1
26 73
99 27
70 96
13 73
95 91
22 28
63 50
62 45
22 75
85 9
16 16
57 11
36 12
15 21
13 100
100 9
67 47
46 87
75 89
58 66
10 90
99 81
47 80
53 47
27 76
3 19
55 28
99 16
78 14
35 78
66 12
64 19
5 82
86 7
95 15
48 91
34 38
41 64
70 36
83 39
37 93
5 76
92 81
15 54
83 69
60 12
12 27
64 63
76 21
56 7
84 43
25 37
78 44
90 26
49 46
47 4
89 22
14 43
85 12
97 21
90 31
19 21
79 31
100 70
93 12
51 12
39 89
93 94
54 46
28 45
88 75
4 1
97 22
74 91
2 59
59 69
80 31
84 57
96 78
5 15
51 5
5 7
7 90
19 79
90 88
51 17
72 36
40 64
94 82
2 79
100 4
61 10
74 91
39 32
53 20
88 22
84 62
67 89
8 65
44 93
22 93
84 52
43 46
2 78
83 52
54 30
67 64
43 51
55 1
29 56
28 35
98 85
83 9
39 25
3 49
64 58
17 72
36 49
88 41
55 27
79 71
61 72
45 96
45 58
67 64
31 28
16 45
16 95
75 16
44 66
19 12
71 99
70 50
28 14
6 21
67 32
38 28
62 80
75 9
16 80
8 22
13 16
38 58
78 35
31 40
98 35
70 70
83 81
16 28
1 17
85 49
32 62
57 69
88 4
100 10
45 48
38 68
49 27
34 96
18 31
7 70
26 49
64 94
72 25
66 3
23 6
80 86
23 33
91 24
8 90
85 86
70 41
82 40
29 80
86 71
68 84
59 24
78 18
76 1
82 79
49 82
16 64
15 25
30 22
81 34
19 66
7 42
31 21
4 46
75 4
99 54
61 3
5 54
71 81
17 9
9 65
76 12
36 78
58 52
24 40
75 61
23 80
41 6
37 15
84 49
4 30
47 60
82 70
93 91
73 60
22 89
29 38
2 95
36 91
26 58
78 57
16 85
57 22
97 25
25 73
41 56
95 8
68 59
28 21
67 48
70 3
71 86
61 9
51 86
78 79
86 31
51 6
4 54
86 9
38 96
12 49
13 53
22 56
39 93
51 26
44 54
62 31
98 51
21 31
33 76
31 55
68 80
35 59
6 29
12 8
59 67
70 24
33 50
4 46
31 45
90 57
70 67
34 54
93 32
44 26
73 2
45 18
50 80
80 87
15 32
55 8
15 10
66 62
39 68
12 69
87 53
31 54
56 20
14 14
5 55
57 43
6 19
85 39
80 37
23 30
80 67
28 77
87 87
52 56
10 60
11 48
79 68
66 91
81 61
25 47
88 50
45 89
91 48
97 87
71 85
85 14
41 24
77 51
38 7
92 28
8 5
76 93
86 11
59 37
48 77
94 67
73 47
86 45
91 100
93 90
84 75
12 17
59 95
5 57
1 80
5 63
12 72
56 28
22 8
15 66
97 11
57 54
34 67
35 95
76 43
3 88
1 75
79 28
87 31
19 53
16 31
81 58
60 74
30 84
7 38
20 25
44 48
64 15
4 62
37 17
88 82
55 13
24 95
20 67
34 8
26 41
2 11
52 78
79 85
66 96
21 4
89 100
28 80
28 51
48 42
46 81
89 83
43 6
56 17
66 17
36 31
61 26
20 6
91 20
34 81
44 18
72 41
96 23
21 84
75 2
72 92
71 31
30 82
34 15
37 5
70 52
19 56
64 20
78 9
45 40
31 10
64 92
13 95
54 45
15 24
65 91
83 62
81 45
89 44
24 82
50 51
20 44
85 20
79 83
95 38
40 66
83 29
19 69
22 14
98 63
26 20
67 13
20 88
2 32
51 58
20 28
97 97
47 99
80 90
1 43
82 24
44 18
87 84
42 40
5 93
83 52
13 61
70 86
49 64
92 66
58 91
84 95
38 35
2 46
69 66
69 32
25 45
100 27
81 83
87 42
23 82
61 54
84 91
54 50
3 28
93 21
25 96
11 81
26 85
73 23
70 80
19 10
23 6
90 13
85 60
71 22
84 92
79 81
68 51
62 30
27 35
84 67
81 59
58 6
63 17
7 27
68 22
52 11
82 81
13 43
37 85
64 82
18 76
86 27
29 13
50 47
62 91
21 50
62 74
82 52
75 23
95 5
46 92
90 55
66 63
74 33
63 14
33 76
9 24
100 79
96 41
1 82
43 31
74 49
31 62
30 31
95 50
58 21
77 90
5 94
87 12
57 85
16 100
27 55
10 13
2 94
50 14
64 64
70 62
81 15
20 90
10 68
5 44
98 56
24 100
53 75
31 61
85 65
25 43
20 38
56 74
99 48
95 97
34 82
100 5
84 99
11 41
75 86
6 64
51 76
32 42
23 30
25 22
79 27
5 28
7 74
83 70
14 47
81 15
3 45
18 61
71 43
28 64
7 8
60 27
31 43
8 7
97 17
58 53
23 6
15 38
80 28
73 6
11 65
60 94
23 63
91 94
1 88
61 72
6 7
98 100
53 27
57 92
53 17
90 14
2 16
5 76
32 7
25 32
73 1
77 36
99 70
16 67
74 95
94 74
29 78
28 38
56 63
20 21
27 91
5 32
63 89
75 3
77 40
34 54
63 36
53 32
93 39
53 7
21 53
91 38
15 23
9 15
77 38
67 28
72 83
61 24
7 83
69 31
11 13
73 20
89 68
88 43
46 73
40 79
38 46
20 31
18 62
33 1
36 65
48 93
95 83
93 25
90 66
2 100
29 77
62 50
27 89
31 40
48 25
31 77
19 34
35 56
85 8
86 61
28 53
71 24
8 95
56 41
89 64
19 83
57 78
4 40
56 58
96 78
16 69
82 79
98 99
62 18
30 79
56 64
68 54
71 83
34 77
75 25
15 17
34 90
62 73
16 51
39 19
14 60
60 14
61 70
6 14
88 25
85 54
36 74
44 72
100 80
57 22
41 49
91 32
82 100
16 4
79 15
34 69
100 56
87 89
8 31
95 44
50 21
24 34
85 45
70 21
42 9
73 4
69 99
69 72
87 76
64 15
29 79
37 6
52 34
59 5
90 4
7 89
21 95
29 22
64 90
23 38
50 84
6 53
37 66
70 11
11 4
65 98
55 13
49 53
24 39
72 63
84 77
43 76
67 68
69 25
77 58
54 79
25 18
15 16
47 87
48 3
48 52
15 41
37 47
7 5
20 64
48 93
45 63
46 99
59 70
7 86
99 73
93 30
91 53
71 47
93 23
2 16
59 12
94 80
2 52
8 48
26 75
11 60
32 2
94 85
47 36
68 22
14 29
22 12
6 86
75 42
31 99
95 74
82 51
64 75
35 57
21 86
84 93
8 65
42 34
89 13
23 38
61 5
22 79
21 77
24 95
49 72
73 35
84 43
19 1
99 54
82 66
34 11
72 33
40 56
51 82
95 36
18 65
72 17
52 74
88 83
54 2
80 4
48 57
33 41
17 3
26 18
94 63
37 27
79 36
4 94
50 9
71 2
97 42
68 7
38 94
7 85
74 23
29 1
37 45
34 67
91 15
65 24
78 42
3 90
44 11
70 19
61 89
78 94
5 27
74 80
81 19
54 89
2 5
64 54
12 45
29 21
5 68
77 64
3 35
93 65
7 28
24 40
92 21
77 26
58 71
85 43
66 37
74 32
52 61
61 17
62 85
76 74
16 75
89 49
47 74
88 4
29 8
64 80
33 37
100 92
87 13
81 95
20 86
29 5
20 76
66 61
27 40
53 31
8 56
23 88
58 95
86 58
73 97
85 40
99 28
29 28
24 54
9 27
95 83
45 98
64 100
8 16
39 71
1 10
59 11
81 74
96 16
20 48
89 95
39 44
93 31
24 36
35 81
14 18
15 16
13 55
56 13
63 75
11 85
100 36
75 77
68 24
74 19
33 45
86 75
12 40
75 17
91 79
44 55
48 13
68 84
10 57
24 24
85 89
55 18
96 14
91 54
36 82
85 4
88 54
95 18
43 30
63 27
53 19
64 98
10 37
84 3
24 76
9 26
39 95
20 99
32 18
48 84
14 37
51 4
88 49
47 14
80 100
27 86
37 96
70 91
63 59
61 13
3 44
44 70
90 66
95 12
31 83
87 20
13 3
45 100
26 79
70 94
65 66
10 70
88 15
10 95
60 63
24 35
39 26
53 75
74 77
54 63
75 45
6 44
32 70
18 60
63 71
19 95
31 54
10 79
84 45
73 71
36 64
92 94
73 83
47 82
34 95
35 59
57 81
8 66
2 98
20 66
57 37
60 11
91 83
58 7
98 60
6 15
10 85
35 97
1 14
77 78
6 44
9 67
85 39
78 39
78 37
56 52
98 66
55 62
13 16
38 98
54 28
91 50
73 44
47 80
35 47
80 46
60 9
61 39
61 48
49 18
19 88
63 51
70 41
59 16
3 70
17 73
71 87
87 84
34 98
65 98
57 97
30 78
63 92
21 67
24 78
4 50
57 32
65 3
87 70
30 44
28 54
8 97
60 86
85 37
33 51
14 40
70 13
61 17
47 11
37 6
53 39
54 4
12 55
53 94
73 44
64 7
34 92
52 39
69 6
80 73
80 17
19 44
75 96
5 27
51 97
14 28
13 63
83 51
81 93
85 8
95 86
17 83
27 98
23 61
30 27
32 51
22 91
84 22
55 22
85 48
19 36
75 64
85 53
53 11
88 14
10 55
93 96
6 12
81 53
46 25
81 28
40 58
92 81
58 28
64 54
86 51
3 4
77 92
40 5
43 39
66 35
99 67
39 77
43 78
17 31
14 56
16 3
20 13
33 57
10 8
75 25
11 71
92 35
77 85
52 89
6 50
61 13
11 47
69 76
82 23
45 54
95 7
97 30
30 25
94 20
13 62
4 68
88 33
32 86
19 44
17 33
83 36
76 48
98 90
63 33
22 24
54 20
69 5
35 78
57 51
9 2
17 37
54 72
39 99
25 60
30 36
70 54
8 90
98 98
6 99
100 77
24 72
57 93
83 12
58 41
53 65
57 36
10 14
9 100
96 43
44 87
82 38
66 85
98 71
89 58
54 39
60 65
55 41
37 45
73 4
60 2
98 14
34 8
34 98
92 63
67 43
54 8
3 37
55 52
27 97
19 29
38 91
65 35
99 16
38 9
87 46
4 85
3 82
47 31
62 36
90 9
95 83
92 58
86 70
73 59
63 49
71 78
82 34
13 63
91 52
65 53
64 25
87 85
30 93
28 57
87 67
68 82
77 91
51 27
24 80
32 25
91 38
58 99
17 99
96 41
52 68
80 10
96 47
97 25
91 14
91 23
75 71
40 100
57 48
74 79
22 65
99 41
84 88
7 86
84 8
80 37
59 49
94 36
51 65
83 63
100 62
17 78
42 6
39 59
29 51
99 10
4 82
32 47
4 44
16 30
37 29
73 96
95 45
7 100
94 39
19 32
25 15
72 87
54 2
66 79
67 65
63 50
94 1
52 79
23 92
65 59
86 35
12 64
56 24
53 79
52 7
48 32
28 65
40 59
34 31
47 70
84 16
6 52
71 62
29 41
26 44
76 30
87 65
52 92
2 33
25 35
80 64
93 19
5 11
77 9
36 69
96 89
10 81
65 11
31 88
48 48
80 79
49 93
55 44
90 14
48 95
7 45
89 50
67 41
96 94
22 10
16 92
98 17
57 89
54 68
57 6
35 67
82 55
96 54
41 41
18 49
55 99
30 66
44 42
68 50
68 13
32 66
46 19
32 2
98 14
12 63
98 54
48 55
54 68
66 65
20 99
16 86
15 35
28 59
40 19
31 47
92 75
28 8
10 22
82 44
43 96
38 47
9 38
19 36
15 69
1 88
39 99
12 48
49 97
45 51
39 92
95 78
54 89
58 72
91 68
32 52
81 89
20 44
81 63
87 61
77 20
91 64
65 34
61 3
44 40
12 46
15 8
64 71
94 68
55 95
68 52
7 45
4 11
55 33
49 39
91 44
34 59
46 90
94 9
14 92
38 27
16 9
87 43
13 10
91 21
75 5
55 23
51 4
38 77
48 14
64 100
96 9
72 67
38 63
38 25
46 19
74 52
48 2
52 68
16 63
77 18
2 44
85 21
17 96
6 81
16 79
42 61
42 17
25 15
33 24
82 76
60 3
62 18
42 80
1 21
25 29
76 71
35 81
82 48
95 65
11 33
65 22
76 80
18 91
47 80
33 59
81 48
67 15
66 91
24 42
95 61
99 16
65 36
89 77
68 53
44 3
3 100
76 29
20 15
71 41
39 74
92 21
9 9
75 8
66 95
22 43
22 99
10 19
37 3
41 35
22 95
60 81
96 43
17 68
62 95
91 94
15 80
41 89
10 21
23 15
37 44
9 59
1 48
70 41
26 94
88 28
49 22
38 91
55 71
49 29
42 20
38 55
89 65
30 3
43 79
44 64
30 92
91 79
55 98
29 10
12 99
21 98
29 34
23 34
3 1
1 97
44 57
99 25
15 4
16 86
89 50
74 19
11 45
40 70
23 24
24 73
91 5
48 69
93 26
90 78
48 24
49 98
57 6
41 11
33 12
14 18
83 20
14 86
48 70
42 32
55 49
1 3
46 29
17 30
20 92
15 71
85 59
85 39
66 8
39 10
44 38
61 62
57 26
16 40
97 42
64 38
18 68
80 37
46 56
20 93
5 52
53 69
78 89
61 5
40 48
69 43
84 4
18 55
100 71
59 80
5 13
94 72
86 84
37 46
68 15
89 42
74 8
52 69
47 12
41 43
30 50
44 95
94 30
65 40
9 83
67 38
18 38
11 92
31 41
50 79
20 48
80 73
55 71
34 53
46 26
26 30
69 58
22 25
86 4
59 97
47 41
21 66
3 64
31 24
30 23
82 30
27 77
22 16
51 35
97 79
65 58
65 24
37 65
28 85
88 26
8 88
47 6
3 84
23 93
16 5
24 30
68 41
36 90
89 46
21 45
80 99
7 32
80 31
2 8
92 78
93 2
65 55
23 11
64 14
13 73
98 16
89 27
90 39
33 32
5 35
6 11
9 49
2 76
34 38
65 84
95 70
24 25
75 48
32 33
13 74
17 50
10 58
28 6
53 21
98 66
90 77
30 55
38 72
12 59
53 99
14 31
90 86
3 80
30 9
26 74
68 93
48 94
49 32
86 8
28 19
17 85
24 99
60 31
98 4
5 35
14 70
63 98
60 8
14 86
16 30
18 97
54 10
33 12
42 18
41 54
25 82
37 77
79 11
25 34
95 48
11 12
99 49
46 85
30 27
31 31
86 65
97 7
45 47
84 53
95 55
42 83
56 59
35 76
86 55
39 46
38 85
44 71
48 29
17 95
47 88
40 39
32 46
99 5
47 58
93 95
69 81
49 90
20 97
92 37
22 11
59 31
41 35
88 27
72 78
15 19
64 76
46 72
30 16
46 84
70 38
19 51
25 20
55 99
82 33
18 12
52 84
8 63
8 43
1 62
37 76
4 47
83 73
52 96
14 17
18 39
54 22
13 73
60 53
55 30
46 80
35 88
23 75
31 68
41 99
4 18
36 27
88 75
95 16
73 72
53 48
77 70
46 42
97 57
57 71
84 44
88 73
32 69
38 68
2 69
38 43
69 70
29 35
87 53
61 82
100 38
42 31
80 1
76 95
69 52
34 81
18 41
75 15
4 24
89 35
74 44
85 13
58 26
97 6
22 85
25 2
79 46
96 90
22 58
77 7
58 41
94 34
11 58
52 80
43 50
7 3
36 65
23 35
45 37
28 8
56 83
86 44
23 1
95 12
83 30
19 41
30 100
80 69
79 56
100 100
77 11
5 48
28 59
38 59
25 46
96 39
58 26
5 88
100 41
22 67
20 66
73 4
10 98
39 100
98 13
74 55
90 71
23 40
95 88
36 48
96 34
27 49
94 15
85 9
10 79
75 44
48 77
92 13
59 83
69 33
31 28
70 51
48 23
77 62
55 77
78 28
17 16
59 41
35 21
9 32
52 36
97 40
85 52
37 64
74 63
83 40
58 20
18 32
16 66
61 85
5 32
57 18
77 46
62 50
69 10
3 86
87 85
52 56
39 16
53 17
32 93
44 71
21 43
4 23
69 15
74 35
41 95
12 55
24 94
64 53
18 80
49 58
24 30
7 8
56 1
5 41
67 3
7 34
3 92
24 63
64 16
4 31
13 79
35 94
37 74
40 19
52 24
94 65
57 46
64 1
30 1
14 53
35 76
74 4
64 80
26 98
95 62
21 94
77 52
89 10
57 65
9 39
15 2
8 95
5 38
50 99
9 43
82 97
48 48
94 82
4 47
91 34
48 67
92 88
80 5
24 21
77 47
51 90
87 28
3 56
67 12
96 30
75 91
23 22
48 32
75 99
72 75
67 24
57 6
33 39
47 67
67 77
64 46
10 60
86 25
75 93
16 76
1 37
67 53
49 37
32 93
90 2
56 68
62 39
98 83
25 89
54 58
98 2
44 83
36 96
88 90
98 38
90 53
40 66
54 29
70 12
35 60
83 66
9 70
59 65
68 36
10 39
90 72
15 7
56 30
43 43
86 66
72 39
83 94
80 82
17 57
7 39
73 24
33 30
95 8
78 15
92 92
46 13
57 7
32 96
64 63
49 92
37 88
16 80
49 10
100 41
97 37
99 5
87 78
25 48
71 1
98 82
72 3
75 74
30 86
4 19
46 90
12 66
78 84
39 22
19 53
92 11
80 7
9 35
15 99
68 23
96 68
88 17
13 83
96 16
4 71
79 41
42 62
29 71
15 78
42 5
12 59
47 20
46 87
29 74
25 57
19 32
88 22
32 4
50 50
98 92
68 67
77 58
37 32
40 37
12 62
91 91
43 99
51 51
83 77
47 70
78 52
25 11
90 6
80 75
26 77
78 5
40 34
76 15
89 67
3 95
64 17
47 21
2 13
17 23
37 79
76 32
61 38
46 56
87 54
13 12
50 5
94 53
51 81
30 88
48 87
28 14
80 76
46 51
12 52
50 62
83 75
78 47
1 9
51 96
6 69
31 57
22 41
57 92
85 33
19 74
91 82
26 44
64 31
60 27
40 79
25 45
98 18
48 13
55 24
15 90
48 67
83 75
8 31
16 8
51 8
39 88
23 39
36 68
69 91
70 19
1 86
14 57
74 43
43 23
13 84
30 44
68 1
11 70
24 26
4 96
89 87
70 32
12 28
15 74
97 46
52 56
68 36
16 90
19 7
15 20
93 5
65 24
68 60
61 95
70 29
48 7
26 34
100 46
42 32
9 6
76 86
31 71
67 22
49 99
69 49
78 26
60 8
17 18
26 27
63 55
56 36
28 57
46 62
32 17
58 26
30 51
8 47
49 95
55 5
96 24
63 87
3 71
59 40
18 96
89 71
16 61
77 88
16 82
68 43
55 25
71 58
96 14
91 30
91 68
87 57
28 32
16 66
4 61
59 90
68 58
78 28
51 52
24 81
62 99
4 90
82 11
77 55
3 48
32 42
50 46
39 32
67 98
2 38
24 77
78 71
6 90
27 55
95 41
91 90
37 81
74 38
37 23
65 83
41 73
35 97
88 66
64 59
47 69
53 3
10 13
24 3
81 62
6 57
69 24
74 51
97 74
39 85
18 60
52 88
98 33
85 14
77 36
62 92
2 76
19 35
93 65
32 99
58 62
74 45
11 49
6 91
92 45
26 40
34 66
52 62
79 19
44 40
86 63
94 9
92 43
3 25
56 5
61 41
84 54
35 93
50 47
64 15
76 53
28 27
89 32
8 38
58 40
36 47
90 83
46 42
14 82
21 23
45 75
12 84
61 43
38 89
50 88
36 68
19 67
36 13
9 7
84 86
10 54
19 13
98 28
26 75
86 26
78 53
29 48
90 91
20 41
69 56
93 55
13 59
99 43
100 83
67 58
49 84
5 38
14 82
87 77
61 56
54 75
43 10
52 54
6 63
45 7
4 4
65 73
31 85
93 63
44 59
11 71
51 91
71 58
58 91
14 91
64 62
80 73
60 80
24 90
14 13
53 57
52 25
23 57
95 73
23 27
61 72
67 58
25 12
25 67
48 41
21 14
49 1
58 32
43 17
74 36
63 96
15 51
49 59
81 54
42 31
61 58
12 71
29 27
94 96
3 4
74 93
4 52
80 43
82 24
42 40
6 95
3 30
60 38
42 27
90 33
3 66
15 71
75 26
67 14
36 92
28 56
74 39
54 44
62 13
84 22
64 31
63 64
33 31
72 54
84 89
46 26
6 73
100 5
24 30
54 75
46 7
34 1
70 39
10 11
10 84
11 47
76 54
6 40
3 4
54 59
68 4
85 47
57 92
5 100
38 60
31 42
93 10
9 2
36 26
80 69
31 24
96 34
81 46
35 48
73 47
49 75
77 53
73 100
17 99
71 84
49 55
17 18
74 57
68 53
30 39
61 90
50 99
41 56
86 52
48 57
99 16
75 72
70 17
7 1
23 9
1 70
47 18
76 27
84 18
23 37
65 56
34 90
38 78
88 50
21 81
48 56
50 39
95 16
33 41
93 73
73 29
90 86
71 30
75 19
89 37
67 92
68 81
52 57
61 27
25 94
87 84
90 32
65 91
89 8
45 65
96 35
75 53
76 2
35 64
47 25
8 25
2 39
96 80
81 52
96 3
30 73
56 1
41 50
63 39
21 39
85 79
41 81
85 44
41 79
98 56
89 41
91 31
9 75
53 31
21 41
83 30
7 68
69 38
74 70
33 27
23 73
65 63
63 56
21 4
85 23
67 71
54 72
94 98
78 16
54 80
69 95
52 53
89 25
99 15
27 7
23 40
93 39
1 18
67 14
99 89
72 40
31 71
24 48
66 22
71 7
83 44
19 59
79 71
76 7
43 44
52 76
13 87
60 24
8 77
60 100
40 87
60 56
80 80
59 93
60 62
70 65
30 63
98 89
88 17
56 68
60 39
62 39
81 74
60 48
90 46
100 96
45 5
75 37
75 45
18 18
68 39
5 100
31 48
21 47
36 3
59 92
25 43
21 32
76 21
90 68
8 25
55 81
30 57
20 2
82 35
72 86
80 52
80 70
71 17
78 88
7 25
71 29
40 67
94 20
91 78
91 9
11 88
50 22
1 79
42 5
30 34
58 58
45 65
30 95
43 30
96 13
85 39
92 83
27 41
35 46
76 27
22 6
17 8
50 37
23 38
50 32
37 5
20 42
80 47
53 68
17 55
48 83
16 77
26 60
46 35
11 39
11 52
84 25
83 36
93 1
43 63
69 38
60 60
58 70
97 21
32 64
18 44
37 17
8 42
37 22
76 3
60 83
61 98
22 32
55 37
59 94
85 50
11 47
18 20
9 17
57 47
15 28
80 49
72 43
89 47
67 59
25 89
95 69
61 18
56 71
95 78
90 100
28 2
67 48
15 62
80 70
91 98
16 53
57 58
33 29
31 72
81 80
40 65
12 17
89 57
48 52
36 64
74 25
51 75
64 100
47 95
47 34
64 16
33 98
48 95
56 87
54 7
1 99
98 78
28 9
93 67
61 79
43 66
76 7
23 96
23 36
48 96
74 70
71 88
80 99
1 55
39 87
24 29
26 100
71 24
27 59
19 32
8 11
43 75
20 4
38 56
100 49
85 17
55 70
60 88
33 73
27 84
83 12
23 57
64 28
18 64
48 49
84 33
79 48
73 67
20 16
56 27
37 22
62 9
87 79
1 56
19 85
37 72
60 52
72 30
88 56
42 46
82 67
26 26
72 11
64 8
28 15
80 81
47 4
74 9
6 2
41 70
99 71
23 8
51 52
94 7
24 33
42 75
52 18
50 7
31 46
9 44
85 96
68 23
96 36
93 98
47 42
56 52
51 69
29 80
46 44
91 83
37 41
72 99
80 44
76 27
39 52
16 98
66 73
13 37
20 89
56 87
74 17
9 92
27 28
75 62
60 53
80 98
94 52
59 71
46 42
77 58
39 21
52 41
54 10
41 89
69 48
7 87
14 8
28 41
35 12
52 90
42 84
99 91
49 18
35 19
2 46
45 74
80 68
96 61
77 9
23 81
98 81
95 100
39 48
16 97
96 74
94 18
29 6
94 77
27 79
19 29
45 24
23 91
24 71
48 32
97 58
21 23
45 34
50 19
79 53
46 50
75 66
69 52
100 99
32 7
96 24
72 12
5 31
85 38
82 39
26 32
73 30
37 4
52 42
41 43
46 57
36 47
90 93
13 74
39 59
18 36
68 24
1 78
100 59
8 38
87 75
96 40
79 26
21 98
49 48
5 10
70 32
59 39
91 80
33 93
54 32
22 90
21 96
18 9
9 24
53 74
83 25
11 51
90 29
4 29
39 86
71 76
36 55
62 75
2 42
14 50
18 19
100 57
31 39
3 9
76 6
69 55
79 46
70 4
49 71
78 42
19 35
60 49
15 53
69 15
94 94
90 11
94 31
30 60
76 53
39 97
81 4
53 25
66 6
99 96
17 6
54 5
64 69
88 28
16 95
36 93
85 12
66 65
46 85
13 31
28 15
91 54
69 73
1 42
20 35
58 90
15 66
94 39
80 7
44 73
57 27
87 7
74 95
47 20
7 46
48 20
4 44
98 47
57 54
64 31
42 87
99 87
94 80
38 2
96 63
98 79
53 23
84 99
33 49
69 16
30 60
38 32
49 86
3 77
42 67
30 93
57 73
57 45
24 75
67 9
81 56
3 13
88 83
78 97
60 50
26 62
61 43
35 60
77 22
8 87
51 8
37 38
91 26
65 56
30 45
55 16
16 58
12 90
2 74
99 86
44 88
93 49
38 18
49 53
96 47
72 12
14 60
97 46
69 99
30 64
73 53
28 66
75 68
74 47
1 57
52 63
71 6
83 31
31 84
87 81
32 19
27 59
39 3
2 53
93 77
66 26
96 44
14 96
58 79
27 99
5 14
100 85
73 80
11 41
81 47
78 39
56 28
54 78
48 25
67 23
95 46
38 40
22 1
24 78
15 98
90 27
55 40
97 75
94 18
77 25
96 15
66 5
7 14
58 45
77 50
55 42
93 25
40 23
12 61
51 79
1 8
90 31
59 42
41 78
39 48
91 12
81 95
8 83
33 42
64 6
56 88
2 41
68 50
91 34
33 33
45 45
6 40
12 64
4 65
55 63
81 96
54 7
56 80
2 55
32 77
12 24
97 55
47 16
35 29
15 10
81 97
21 9
48 84
77 63
39 84
74 46
55 91
6 86
37 11
71 7
6 62
90 82
22 40
61 52
33 36
94 31
38 24
44 1
21 21
50 3
16 63
92 92
60 46
69 57
53 52
11 82
63 66
62 59
35 93
15 95
8 32
62 53
13 47
69 53
96 99
92 87
92 36
33 74
39 4
17 30
55 88
19 76
45 43
62 28
85 21
23 3
71 11
67 11
96 6
39 54
38 23
63 58
100 80
52 31
25 50
3 5
37 54
16 74
11 47
64 27
50 36
10 79
85 59
72 77
38 26
91 23
56 24
16 78
15 87
54 62
31 24
99 80
96 65
70 16
41 93
95 96
43 84
35 52
97 34
84 15
18 37
14 23
97 32
39 1
56 92
90 61
70 78
59 21
72 21
71 6
97 69
83 59
83 23
59 27
77 83
100 22
30 21
96 95
88 62
98 77
24 65
55 72
93 57
36 11
83 42
33 30
30 47
90 27
14 30
77 57
50 67
4 48
62 66
37 95
11 45
17 29
12 98
75 57
96 59
84 43
28 50
32 12
10 46
34 50
29 89
69 43
87 16
25 33
94 8
97 3
53 40
68 92
91 53
26 17
35 22
99 45
25 76
84 38
27 74
54 48
16 73
38 12
50 43
65 100
35 48
87 85
97 16
71 22
67 53
5 60
90 85
48 28
50 32
93 77
23 68
78 68
24 70
36 28
47 1
42 5
65 10
55 31
65 12
31 51
32 51
38 89
60 62
78 63
97 50
30 56
75 11
19 60
41 1
16 92
65 3
33 62
17 23
4 90
99 5
29 84
10 51
68 88
81 89
23 42
58 11
5 61
19 64
93 50
26 73
82 64
23 57
100 8
86 19
25 76
18 20
35 2
89 31
46 12
29 78
71 63
94 9
22 71
59 60
95 72
47 48
13 97
27 23
2 9
6 1
70 54
39 69
14 89
93 85
48 32
99 79
42 31
56 18
80 73
63 27
65 45
93 94
43 20
78 98
5 89
66 15
57 89
73 33
12 24
86 17
35 72
25 50
7 93
88 78
79 89
99 55
76 76
66 30
53 69
80 6
14 14
27 59
7 65
3 68
8 16
72 3
29 58
18 50
53 2
84 34
30 38
70 97
15 99
57 6
20 56
29 57
2 28
71 82
17 50
12 31
96 38
42 96
12 24
98 64
50 62
14 53
2 79
91 84
38 70
63 68
41 32
46 19
37 50
52 34
31 76
95 66
77 82
1 90
9 6
96 55
15 43
28 18
6 66
77 42
69 72
83 27
14 96
63 54
8 80
79 69
41 15
32 77
17 24
37 31
100 10
94 38
73 19
50 29
72 18
54 75
64 58
23 83
68 95
89 98
70 100
38 1
54 13
90 61
39 50
39 4
9 49
56 69
66 30
22 51
93 26
31 92
38 97
36 38
95 75
97 70
60 3
35 33
16 75
42 2
73 66
73 19
51 96
55 64
64 64
47 12
44 20
2 42
73 82
90 87
6 93
67 55
90 1
5 25
13 49
56 23
98 55
84 38
96 19
42 88
10 36
23 9
86 45
92 95
25 73
93 69
5 46
39 11
9 13
95 66
32 29
11 16
70 71
33 87
16 59
66 3
47 40
35 51
41 18
31 30
7 66
53 38
64 72
3 23
52 100
55 62
35 26
85 41
93 27
45 81
47 40
80 14
20 85
68 62
61 66
37 88
87 56
2 62
56 67
91 28
48 73
2 3
48 27
10 72
85 9
44 100
39 95
11 70
62 70
44 28
43 93
37 59
56 92
10 70
6 23
27 2
97 48
29 68
54 47
2 69
34 59
47 58
4 57
2 27
39 41
45 78
83 12
99 72
69 27
50 58
76 68
75 65
24 76
86 95
81 63
10 41
66 10
97 12
37 100
53 25
18 42
41 98
5 92
95 33
16 82
6 74
78 79
61 78
100 42
41 50
64 7
14 25
55 10
90 82
9 59
49 81
8 66
59 25
75 76
76 3
41 42
4 11
52 81
3 86
2 4
87 42
21 72
73 47
40 74
83 11
3 17
86 24
97 39
70 29
44 34
27 33
94 63
10 97
9 6
37 50
25 10
97 64
21 77
49 66
95 95
48 62
53 53
93 12
54 41
61 57
60 9
84 85
91 34
87 84
51 6
74 89
29 100
44 75
10 54
24 76
26 45
54 25
84 43
76 78
92 97
28 61
2 49
67 58
88 18
29 45
93 20
3 79
46 57
39 96
69 74
40 65
36 78
1 6
83 17
93 3
49 11
78 11
20 88
71 46
87 93
61 27
41 65
21 86
73 38
80 37
54 20
96 86
29 46
93 7
36 78
28 1
39 43
52 26
93 96
26 49
100 43
11 79
59 7
1 59
11 78
31 84
63 84
47 89
79 5
58 30
55 34
66 25
1 62
55 75
39 89
93 33
11 15
100 1
63 56
22 46
33 30
4 86
54 84
76 44
45 99
96 34
8 50
72 73
28 66
31 40
24 62
55 23
9 25
47 29
60 66
37 69
33 98
32 13
98 23
59 38
83 37
57 23
2 6
74 95
27 42
45 68
82 98
87 98
97 68
93 65
41 35
37 57
63 45
71 72
28 45
7 7
28 21
74 39
43 17
50 49
19 82
73 70
84 20
37 80
30 48
7 98
9 98
51 31
14 23
57 77
96 46
12 76
28 81
26 21
50 41
36 27
30 33
91 67
57 28
71 28
41 17
17 86
96 87
12 35
57 14
35 55
71 98
23 17
18 100
100 4
59 10
17 66
6 100
12 41
75 82
100 72
88 27
78 45
60 87
51 49
49 97
31 46
85 69
14 100
29 6
39 40
76 24
72 5
67 38
7 61
83 41
39 11
63 24
86 13
72 55
98 81
74 28
8 90
70 26
96 5
47 36
1 7
15 86
69 32
81 85
30 12
77 63
8 73
35 55
54 59
94 51
31 31
24 67
24 53
12 54
54 3
75 25
23 50
25 37
56 57
44 37
76 16
46 34
77 9
46 5
28 85
77 2
24 52
74 41
54 17
27 48
2 70
10 18
72 52
51 41
23 8
46 82
76 47
73 78
89 24
35 88
43 30
15 30
93 48
85 51
48 40
54 56
4 64
31 20
68 22
100 100
55 11
92 95
47 80
69 83
76 53
26 34
23 88
67 98
72 77
14 19
72 17
13 71
68 42
79 76
13 55
76 50
65 92
66 8
87 95
65 28
88 33
78 57
7 9
65 25
100 50
47 22
79 96
22 29
82 62
84 60
60 21
64 80
31 81
41 65
46 81
29 28
11 98
61 82
7 100
80 53
28 24
26 58
35 16
19 11
84 44
80 64
89 64
34 88
38 96
38 66
55 19
73 26
74 54
94 89
90 21
89 59
100 71
99 22
37 48
84 92
23 56
5 93
64 46
48 71
82 22
74 47
20 35
58 85
4 27
32 2
21 7
16 78
29 89
14 27
98 56
96 98
5 22
1 8
85 41
60 15
99 15
22 14
17 60
95 9
66 1
49 42
34 55
6 53
92 73
67 92
8 58
24 56
17 37
93 19
81 68
24 35
49 10
54 33
55 14
65 51
37 22
30 44
43 92
64 34
46 14
60 90
9 4
46 35
4 64
67 13
70 74
89 38
12 49
91 57
3 62
11 7
87 2
43 27
66 58
73 87
45 69
12 8
2 79
37 42
23 54
6 67
65 60
88 24
57 15
88 31
50 11
15 62
99 58
45 52
85 71
80 67
46 52
63 21
79 19
41 57
37 1
49 42
62 98
75 51
79 61
92 39
66 79
96 71
18 96
66 4
64 86
54 66
71 24
93 20
90 10
67 30
28 30
21 1
53 83
38 76
19 59
89 60
97 13
1 69
82 67
74 11
87 78
82 24
34 91
74 58
52 11
82 10
45 12
36 53
39 100
68 41
6 27
73 55
24 64
85 31
41 45
85 87
7 66
63 69
24 47
20 24
4 41
50 95
79 35
56 75
46 25
83 35
38 7
83 76
25 83
27 41
53 92
34 53
67 14
26 95
33 45
52 39
88 37
61 4
47 39
61 99
22 16
44 3
72 50
84 79
31 58
28 29
29 58
73 42
84 34
33 87
21 50
22 51
86 47
4 72
2 32
42 26
91 34
58 67
61 74
76 31
19 58
8 68
83 23
80 40
42 26
83 73
94 41
80 8
3 21
22 3
90 55
50 94
10 95
83 54
74 24
93 89
14 8
38 50
42 78
93 34
86 14
83 14
13 13
97 30
9 5
91 32
48 79
68 13
87 27
60 85
94 69
86 27
36 18
92 57
60 67
32 76
65 96
77 77
34 39
41 31
19 98
89 48
41 54
98 25
96 63
14 94
16 81
18 85
55 35
60 8
60 95
4 58
53 93
83 22
54 62
63 81
14 34
8 38
61 92
99 48
19 13
2 77
89 9
53 35
46 98
6 47
1 60
19 40
42 7
41 71
100 68
29 48
29 48
33 13
77 84
33 76
37 25
24 95
91 37
84 22
17 20
99 10
90 4
91 6
19 16
61 93
94 29
19 12
31 30
84 43
61 87
15 10
50 11
14 43
10 99
65 86
78 4
30 86
8 60
13 49
38 56
11 42
31 34
22 82
22 27
88 75
32 78
49 10
11 18
1 18
98 27
36 99
37 42
73 95
25 28
61 12
34 71
82 71
28 24
41 69
62 21
38 86
87 99
100 7
93 75
64 80
4 45
41 80
79 31
90 52
18 31
82 30
87 42
71 87
9 5
49 96
95 14
78 8
81 15
68 26
95 32
22 69
86 23
8 61
33 9
24 50
98 83
47 54
2 78
56 96
40 74
73 86
6 35
45 52
15 18
70 47
29 93
78 21
1 33
30 100
92 62
78 99
6 31
36 8
7 73
77 52
35 99
33 61
57 79
42 19
88 20
35 61
50 64
90 73
4 18
19 63
48 84
71 22
63 5
17 70
51 26
38 61
2 94
30 80
7 32
29 74
15 20
76 61
91 95
62 52
98 27
100 25
17 37
15 49
67 86
37 93
38 89
95 76
95 50
66 75
68 64
65 42
33 44
31 85
81 42
21 58
16 25
77 82
100 82
61 54
51 82
41 23
84 52
53 96
32 36
65 52
41 93
72 56
54 8
47 14
72 74
17 3
25 57
73 47
23 86
35 22
15 71
68 59
84 93
13 98
60 92
89 7
90 18
61 96
85 88
86 94
12 58
16 75
68 13
62 64
100 57
23 10
67 40
51 92
43 93
79 54
73 32
19 49
16 71
55 59
55 62
73 43
48 99
32 94
67 60
70 72
37 100
36 34
55 58
28 51
49 22
9 10
90 61
64 44
28 1
66 28
39 18
56 83
42 59
80 60
38 66
44 14
70 66
99 81
20 7
35 69
40 30
41 33
87 66
84 79
62 30
16 59
86 26
48 37
92 40
67 59
45 1
44 78
85 4
100 93
55 60
7 68
12 9
86 5
55 6
65 47
60 44
6 69
45 76
17 57
89 67
54 6
94 29
7 96
49 12
2 80
60 83
53 92
53 1
78 77
97 64
44 82
88 48
29 31
40 68
46 70
28 76
52 32
73 55
71 64
79 84
57 84
74 26
14 20
77 90
79 38
26 54
100 78
10 86
26 14
49 47
47 22
7 94
69 20
86 70
84 23
15 49
14 93
81 82
100 39
40 94
86 16
20 29
53 3
30 24
40 51
25 83
16 7
59 90
42 69
19 40
88 38
55 14
17 48
34 17
10 60
54 43
61 88
56 5
28 66
47 34
20 79
59 75
28 23
51 3
73 63
73 83
81 51
5 26
91 88
59 37
43 20
64 63
51 86
21 80
98 51
16 97
35 29
2 95
6 8
66 66
57 60
81 16
29 78
19 11
12 57
38 25
16 4
9 75
64 25
63 47
7 97
71 66
4 32
78 9
61 7
72 46
16 61
10 89
13 39
33 2
60 43
52 59
39 67
61 24
70 55
79 28
66 1
11 43
63 34
73 97
5 91
99 2
84 28
56 90
17 97
73 47
60 2
91 83
34 50
67 65
94 85
66 82
86 2
19 30
77 8
45 5
68 47
53 64
51 100
14 21
97 77
98 21
85 15
63 71
17 37
100 2
4 69
53 69
55 68
67 25
22 72
40 26
97 88
32 34
80 75
24 32
38 38
92 35
23 7
31 41
49 63
81 24
29 17
39 21
92 1
3 48
82 92
93 24
11 52
70 17
34 3
9 89
97 58
12 35
57 61
7 6
6 46
56 7
68 32
74 2
92 92
56 15
78 7
46 60
20 9
100 85
60 32
22 3
10 20
60 14
96 11
92 48
95 11
77 40
92 43
91 100
53 12
56 64
26 34
93 40
15 84
42 31
28 4
43 77
32 36
27 76
72 54
65 37
43 4
15 53
86 90
38 81
79 80
7 35
4 91
95 29
63 76
12 84
22 51
77 20
62 84
84 50
44 4
8 66
51 76
51 34
97 46
69 87
56 32
81 11
57 46
35 17
62 17
97 45
59 95
33 75
95 60
95 38
15 65
19 61
3 33
89 9
56 66
91 88
5 30
47 65
50 46
39 91
88 97
65 38
98 49
23 21
35 54
38 45
26 8
82 14
29 22
34 43
59 95
17 1
39 45
50 25
60 39
49 36
41 68
51 41
18 24
74 41
71 60
79 11
71 20
34 42
71 49
2 68
29 25
1 29
99 24
21 77
17 12
35 11
6 23
39 1
74 82
61 52
55 29
43 5
26 25
61 61
14 84
1 75
38 99
48 40
85 56
89 51
35 94
59 87
19 88
50 5
19 24
95 75
47 40
40 20
29 79
67 13
98 39
28 25
99 37
33 72
58 87
81 79
51 18
18 95
61 12
36 17
9 23
7 95
16 73
28 14
81 56
56 82
85 71
57 55
58 92
81 21
69 93
54 75
18 59
50 35
70 28
92 89
99 56
61 10
76 32
91 48
94 78
88 61
9 97
64 3
8 43
8 52
8 89
90 17
26 84
75 88
74 80
57 26
93 84
66 58
69 54
60 59
30 34
8 79
52 7
32 44
62 18
51 14
60 47
59 14
73 57
23 11
80 4
59 73
15 99
23 74
91 96
20 21
65 35
71 52
98 47
30 27
86 68
46 80
45 73
47 44
18 6
3 76
85 85
83 53
43 3
82 18
10 84
18 49
25 83
65 57
90 27
46 30
7 30
23 31
61 31
27 8
91 82
98 23
84 86
78 66
6 70
21 74
92 55
72 93
4 58
86 29
25 69
73 19
6 73
35 64
11 31
45 42
23 3
93 50
50 83
71 89
58 22
20 39
21 91
1 23
81 100
67 10
80 13
87 92
51 40
60 25
25 92
83 70
13 37
20 95
65 1
1 36
65 33
58 42
31 27
11 20
46 47
59 26
94 52
71 17
75 1
43 60
14 94
56 73
22 41
59 20
4 72
54 68
31 66
76 84
47 71
90 62
59 35
74 83
48 5
89 10
41 64
12 80
7 90
64 85
31 52
14 53
69 21
34 57
62 28
77 98
68 57
32 85
7 17
99 78
48 65
83 83
60 70
44 47
58 55
28 65
99 32
84 78
82 36
70 97
81 19
54 59
86 57
69 20
83 33
98 69
13 48
41 91
59 27
19 34
82 91
26 79
51 99
26 50
61 7
14 73
30 20
78 61
22 29
83 39
16 62
59 76
13 18
9 58
14 41
45 72
90 53
86 47
97 49
43 15
15 56
100 9
29 44
97 78
52 2
39 40
53 37
63 47
64 54
95 35
51 26
92 83
85 18
44 35
18 58
72 86
95 10
32 66
69 83
25 29
39 56
20 85
23 67
69 55
67 15
46 81
48 55
36 82
4 25
42 44
77 35
85 93
5 29
26 32
4 78
17 15
26 20
6 11
75 12
49 50
62 62
58 81
36 53
98 83
64 22
51 11
28 4
91 35
14 8
3 14
83 15
76 31
64 59
75 57
43 16
69 81
72 8
7 67
66 15
75 76
13 70
74 83
2 83
81 32
65 93
77 7
71 13
76 70
38 60
16 48
30 83
38 85
1 6
4 49
77 17
86 47
94 95
79 12
45 49
59 36
8 81
34 61
50 22
84 21
28 70
81 74
42 73
57 35
75 60
42 16
84 50
66 32
80 86
81 17
51 100
42 58
24 32
58 88
61 10
4 35
2 4
40 16
11 49
26 26
44 59
88 76
35 92
31 5
15 55
97 96
67 18
58 25
69 61
29 21
64 78
50 67
5 100
60 89
92 83
73 36
53 98
86 13
68 41
67 43
46 88
29 82
8 78
54 52
75 7
57 6
28 94
4 56
88 33
47 86
53 3
45 61
12 95
40 24
49 21
38 41
22 96
72 14
68 66
52 21
16 71
92 38
69 13
99 69
16 34
3 48
8 35
75 22
11 17
51 80
80 53
86 6
100 100
51 57
10 44
10 18
20 49
87 28
14 45
6 5
15 41
31 49
56 46
70 56
60 32
86 62
47 56
81 87
57 50
75 75
89 97
76 12
12 1
5 71
51 67
76 2
75 73
29 54
24 79
71 77
48 53
64 43
9 36
57 71
18 5
12 4
35 63
21 16
45 42
90 36
82 2
22 7
35 43
17 73
1 79
30 88
2 56
81 44
35 85
29 75
39 28
21 3
30 2
57 46
66 4
89 37
61 40
97 46
72 57
4 89
34 30
22 3
88 35
22 60
30 1
31 92
34 8
55 64
32 21
33 59
12 41
32 60
3 80
87 5
73 38
97 73
2 2
21 94
20 56
66 97
58 7
88 92
33 97
54 74
48 47
34 22
93 30
63 36
79 19
29 60
47 18
59 23
89 50
68 34
98 12
97 23
77 73
95 64
74 73
48 23
8 62
52 57
24 24
78 7
49 16
46 1
56 81
88 3
27 5
8 80
95 99
96 87
6 29
37 23
27 69
51 34
13 86
12 55
14 18
74 15
27 80
70 13
57 80
64 12
13 90
92 29
100 20
99 44
56 65
18 77
22 78
43 23
17 40
16 46
27 61
37 78
77 80
14 9
60 86
90 33
45 69
47 66
93 60
49 80
51 7
13 34
33 8
86 1
68 39
4 59
14 32
61 29
7 16
48 77
42 28
88 79
11 40
58 45
59 90
68 21
60 77
34 59
87 92
82 72
65 33
6 7
31 24
32 59
59 50
32 91
6 91
17 52
92 31
16 75
69 14
25 45
92 28
59 38
56 54
37 14
33 5
95 78
74 50
49 12
6 49
45 31
9 94
77 93
10 14
51 53
37 51
39 81
14 24
81 63
85 74
15 82
94 52
38 93
81 38
48 4
87 57
84 34
6 16
88 75
91 21
85 79
6 22
43 18
62 80
86 20
62 2
23 68
67 11
5 78
80 83
81 49
76 9
27 61
59 98
28 85
26 36
37 8
54 1
97 54
7 91
95 38
30 54
81 96
60 39
88 41
66 17
96 80
36 62
14 39
87 86
60 56
92 36
57 83
56 71
22 51
60 43
48 98
77 46
21 95
29 98
32 94
100 22
69 97
5 40
59 96
6 24
66 67
33 66
53 34
18 100
83 82
88 65
7 16
56 46
60 30
64 98
70 28
30 76
57 70
1 90
70 20
70 47
36 34
32 56
68 63
51 61
34 97
97 18
87 28
62 27
6 62
5 69
19 82
41 30
18 25
24 7
64 88
87 82
34 97
61 48
87 58
15 81
57 7
54 59
81 87
87 56
53 3
35 15
17 14
99 10
99 66
79 81
65 46
2 24
8 85
53 95
15 30
99 38
61 15
33 15
10 17
74 97
73 28
39 19
87 26
21 68
41 7
6 45
78 33
60 27
82 45
77 27
90 24
32 74
22 42
37 52
68 5
88 22
40 32
40 7
22 80
98 71
38 84
50 70
16 72
7 26
82 15
61 83
4 67
18 28
34 65
76 46
92 62
33 58
81 56
58 55
28 86
28 25
6 7
85 1
59 37
52 68
70 99
32 65
68 57
27 36
38 44
81 32
64 83
13 84
36 25
94 99
73 68
55 77
85 26
47 2
58 64
53 55
95 74
24 26
58 92
66 48
97 84
82 70
8 59
57 73
96 19
16 91
35 52
89 14
55 62
8 50
95 2
96 70
72 34
24 11
45 10
38 6
46 26
38 35
7 77
57 46
62 73
57 85
89 10
89 86
40 88
40 13
49 89
51 54
100 1
76 47
91 9
55 50
96 38
62 49
70 17
4 29
71 91
56 43
94 65
53 26
68 37
34 28
28 78
21 38
37 93
53 59
25 96
27 64
60 35
38 94
9 50
20 62
97 100
21 21
33 5
70 94
3 79
100 84
58 89
49 45
62 66
70 6
4 72
90 25
72 50
44 87
18 50
96 9
75 88
43 85
94 34
10 90
63 93
34 54
7 95
88 92
73 46
39 30
53 97
8 46
12 94
12 72
4 98
12 71
82 35
33 20
3 84
58 31
93 25
62 7
62 59
78 92
79 24
46 39
89 28
23 81
57 2
8 71
37 14
33 44
97 100
65 32
43 71
14 14
20 84
82 1
43 90
53 61
55 25
4 62
64 91
62 34
33 31
21 92
3 89
99 36
32 63
83 36
30 71
31 66
28 77
64 12
26 11
14 23
54 99
69 18
79 27
5 91
99 29
8 89
5 42
63 82
70 24
42 52
13 19
48 74
83 85
42 69
75 9
81 86
2 8
9 25
62 65
11 4
18 92
35 21
2 48
16 43
1 100
51 45
48 15
77 47
69 32
31 58
19 84
19 38
2 96
96 7
43 67
40 59
87 12
1 78
92 58
100 70
45 35
53 77
3 49
74 38
79 27
86 21
40 8
72 66
3 35
98 41
36 81
8 84
82 45
55 85
89 55
32 19
8 3
44 77
33 67
32 20
90 96
4 61
44 92
28 72
12 36
35 45
27 58
76 27
90 81
79 74
47 20
13 10
73 25
60 97
42 23
47 87
90 6
80 57
3 84
18 50
58 73
64 50
92 95
54 46
52 34
42 30
37 65
85 9
66 35
57 35
38 23
14 72
31 85
4 22
10 71
19 62
61 47
35 42
12 51
35 52
61 71
94 52
68 60
13 38
3 2
72 3
43 98
23 8
25 35
38 14
92 61
94 46
23 53
74 91
37 94
42 10
6 85
55 21
66 42
39 44
6 45
38 78
38 20
89 93
5 49
60 6
20 41
8 9
81 32
24 74
16 14
28 93
39 54
66 22
50 63
28 74
100 57
85 34
36 76
86 92
6 68
96 20
42 78
53 50
57 64
83 74
70 100
38 34
97 41
14 80
73 62
7 13
19 28
16 22
40 2
91 42
34 54
36 96
85 44
6 81
31 8
34 37
50 12
36 39
70 28
32 72
85 90
34 58
6 16
83 12
33 8
19 9
75 77
26 90
69 31
53 34
75 92
98 21
8 58
76 79
49 92
67 83
36 62
69 72
65 83
1 93
59 53
27 99
58 25
20 84
33 98
15 65
100 88
37 92
70 62
59 55
23 86
72 55
38 61
99 1
61 33
100 20
90 69
49 2
93 2
45 35
68 59
7 52
2 55
100 10
44 60
81 35
65 79
20 2
15 18
55 31
66 16
59 64
68 90
92 7
9 23
71 43
48 5
56 96
43 66
49 99
46 83
2 20
22 74
15 63
25 39
81 1
52 16
61 39
75 49
3 46
72 6
84 78
14 73
1 84
86 53
24 32
70 78
43 1
4 63
46 20
17 3
76 19
81 85
45 16
50 52
95 54
13 13
24 36
17 21
26 24
3 57
47 47
17 97
52 33
88 79
97 84
27 100
8 74
96 6
23 14
73 14
71 50
43 10
8 77
4 18
36 53
51 19
62 91
47 59
90 44
13 16
21 84
60 52
7 63
82 31
16 97
34 93
61 51
27 64
84 9
100 87
49 4
23 87
88 95
72 1
47 57
84 64
51 50
18 66
83 82
24 22
55 84
16 88
70 95
46 51
68 53
15 10
56 98
55 2
73 48
33 22
52 31
68 65
27 48
27 12
72 66
43 48
13 27
35 61
72 99
38 43
41 87
87 55
21 5
34 4
7 45
47 30
6 90
44 18
96 48
86 13
25 35
33 6
81 39
32 80
8 89
37 77
85 94
14 59
83 44
72 3
97 60
56 74
24 99
8 75
63 34
14 59
79 30
69 43
26 81
63 85
59 41
78 40
38 97
62 78
19 17
92 96
86 81
1 3
90 62
67 24
32 45
1 95
92 44
37 90
41 82
47 28
42 88
12 23
40 30
83 65
19 16
67 75
38 71
61 68
39 81
25 33
73 93
33 5
43 91
96 96
9 14
56 70
78 98
57 2
95 54
33 3
47 93
59 24
61 36
26 5
27 79
93 58
39 88
89 70
95 33
95 83
85 97
83 45
9 26
40 95
27 32
24 11
52 56
68 13
24 90
74 77
85 99
8 48
62 51
43 62
22 66
57 15
82 35
11 27
84 7
24 62
88 69
83 74
17 71
24 41
4 35
91 10
18 84
31 43
87 98
18 40
41 5
50 58
100 52
75 46
29 33
59 13
52 81
43 36
44 72
13 16
45 97
63 37
44 8
67 4
80 19
28 61
7 8
64 50
63 93
10 36
1 82
6 57
32 23
83 22
46 36
8 58
61 99
79 77
77 32
18 48
20 97
97 40
3 67
91 58
27 45
46 21
75 5
58 92
100 83
85 91
5 17
77 89
66 55
74 17
30 29
68 37
83 7
25 71
66 10
46 59
53 6
100 7
86 20
11 78
38 50
22 70
65 64
84 40
81 29
43 13
23 5
10 41
69 31
21 31
37 63
5 28
9 67
98 89
71 78
17 40
3 63
67 47
43 50
87 16
12 24
79 56
94 70
14 21
16 54
58 47
80 43
78 3
68 21
29 97
87 19
35 57
70 95
73 43
30 83
39 44
2 31
54 22
72 49
28 12
88 28
81 52
12 47
83 38
66 55
64 61
13 92
19 20
45 30
27 22
45 63
64 10
76 20
87 66
65 63
18 100
55 1
70 71
7 83
87 32
36 5
83 26
22 34
75 79
57 79
78 90
2 78
12 24
47 97
60 71
18 87
94 20
24 54
29 94
81 95
30 16
24 42
83 31
97 79
90 79
19 29
35 2
70 100
15 63
33 37
38 20
27 85
28 4
56 46
24 72
82 69
21 3
10 76
47 41
37 63
37 22
62 7
49 69
97 20
6 85
64 23
40 9
13 58
14 18
66 9
71 52
92 20
98 41
28 39
54 86
31 20
64 33
23 100
6 78
36 35
44 27
51 1
48 31
18 32
17 38
91 68
65 1
99 10
99 22
30 12
82 32
53 19
2 32
15 52
66 21
42 4
43 94
86 51
52 3
50 91
56 15
60 34
58 98
20 57
28 74
78 50
61 57
94 21
49 3
37 30
5 46
40 1
48 31
35 86
14 21
59 84
61 12
94 59
73 23
63 53
51 8
21 83
81 85
35 96
11 15
46 72
38 94
94 95
88 7
63 24
100 23
68 53
65 10
78 98
3 33
97 29
10 20
63 64
96 78
39 73
65 66
37 63
9 6
63 86
17 84
22 97
40 67
92 62
18 70
44 33
57 47
81 37
96 67
68 74
85 7
61 85
74 95
93 9
61 98
68 11
83 39
42 25
61 88
41 66
20 72
36 38
92 84
71 10
84 23
19 70
11 43
36 1
15 97
80 26
13 88
20 56
34 54
9 96
51 49
74 64
29 44
24 89
47 77
60 15
22 86
23 67
8 87
30 25
78 32
45 40
91 56
27 14
79 93
67 88
49 29
39 66
15 42
29 59
15 17
38 61
1 5
68 6
56 62
79 55
9 49
9 31
36 4
96 89
46 7
18 75
63 78
99 94
80 37
98 14
24 17
42 36
89 87
54 42
39 72
71 69
78 43
59 94
81 11
15 14
60 82
79 17
24 1
21 39
4 27
67 46
35 80
18 48
95 23
10 91
29 68
82 33
76 44
66 97
100 70
75 94
33 75
58 51
77 7
53 42
47 48
95 56
82 44
83 92
63 31
7 34
56 79
36 9
1 74
42 7
45 81
35 54
13 43
22 82
89 49
4 71
50 49
68 1
44 2
28 27
32 9
3 38
38 71
95 82
20 8
81 11
34 52
82 21
8 28
21 91
8 87
5 44
42 87
32 86
97 82
66 96
64 46
2 65
98 78
5 98
86 43
27 70
54 61
5 92
17 51
16 81
37 35
8 74
67 26
37 59
61 57
7 37
55 65
34 76
96 49
8 82
59 64
59 23
41 99
24 59
74 7
18 8
53 73
68 7
1 52
61 25
32 66
6 68
90 3
93 85
4 63
63 62
59 18
32 90
92 67
67 17
16 23
30 45
45 44
75 81
54 23
7 100
39 24
37 91
23 55
36 2
42 24
42 4
88 73
80 51
33 17
78 66
26 61
42 9
77 89
42 62
76 26
5 58
46 53
78 44
36 54
5 58
52 97
29 27
77 96
87 20
75 30
24 23
88 40
65 41
57 23
31 19
92 41
63 38
64 72
55 51
61 87
73 10
85 22
9 80
26 75
7 80
44 53
63 38
48 60
51 59
25 39
21 75
62 40
3 22
94 95
95 93
21 26
40 88
93 68
79 79
11 35
26 76
42 96
9 61
9 38
100 26
7 35
26 61
33 2
63 4
28 59
96 4
21 25
83 87
64 51
88 70
91 15
34 2
38 99
80 47
33 15
65 1
96 60
52 32
3 82
80 8
49 96
63 16
1 94
97 41
19 96
23 14
5 17
2 65
82 68
32 87
66 83
78 44
16 61
53 66
97 26
89 3
47 12
4 23
73 35
13 90
36 85
45 71
53 32
44 20
91 52
59 71
84 21
55 7
37 58
18 12
35 43
91 93
81 44
13 72
85 19
28 76
75 58
77 98
65 51
35 27
95 31
96 9
88 72
47 45
56 62
96 51
54 71
98 92
91 23
32 87
31 10
57 43
41 63
59 1
54 12
30 30
71 54
10 96
94 42
42 53
45 1
46 31
40 8
67 39
32 60
53 5
76 62
55 6
92 71
33 50
14 73
83 3
56 59
47 22
52 79
38 82
20 23
93 56
24 2
17 25
66 54
12 26
33 41
83 47
76 87
33 96
85 10
91 27
15 62
31 20
44 21
4 40
40 96
89 24
90 61
26 49
25 3
28 64
98 5
76 70
46 30
18 40
32 42
15 4
59 33
60 89
87 79
86 55
28 81
3 50
35 2
38 72
32 30
26 7
58 56
97 89
99 5
47 42
96 34
35 3
51 78
93 29
71 44
19 83
94 38
36 56
97 81
40 43
95 13
18 24
38 13
79 4
89 23
63 86
47 72
36 35
76 53
90 67
68 61
10 91
22 4
37 37
56 93
85 4
88 71
66 96
67 35
12 73
55 58
75 61
63 34
66 19
70 33
48 80
82 14
78 4
92 28
68 6
29 55
19 64
55 84
66 79
35 94
53 33
5 49
74 17
7 29
18 10
46 58
82 78
13 85
13 86
90 60
2 13
52 56
34 12
2 34
73 72
44 79
57 3
67 78
82 32
95 14
14 91
77 40
22 42
6 75
53 98
60 1
1 79
85 17
11 75
65 10
87 65
36 67
71 32
79 88
56 98
90 78
91 1
52 11
11 71
66 8
30 7
7 67
91 24
44 91
48 78
98 49
63 66
24 93
68 85
71 61
14 44
89 85
97 88
2 6
73 12
67 48
8 86
47 73
18 56
20 68
46 97
43 61
72 69
27 15
49 34
41 13
35 49
30 12
25 60
58 53
2 47
13 48
76 56
88 79
29 37
41 15
57 92
82 30
70 71
54 100
13 84
90 25
54 22
10 12
32 48
65 59
47 75
9 65
39 48
41 45
25 48
37 41
89 76
22 33
1 26
14 10
77 81
58 70
33 33
94 17
64 25
46 39
43 4
19 82
36 89
82 29
89 42
72 46
71 79
51 47
11 68
85 24
51 64
77 35
74 79
52 48
30 34
39 20
86 60
2 5
47 47
91 95
86 3
9 55
56 56
78 5
1 8
25 59
80 77
33 1
84 9
64 59
95 77
83 87
22 2
70 41
52 34
97 44
44 75
19 28
12 38
93 14
14 38
29 69
24 79
21 27
41 48
16 54
76 19
86 51
27 80
83 69
23 77
79 13
82 24
27 70
63 97
47 26
30 59
42 39
1 85
39 92
3 18
30 11
74 28
59 94
93 52
18 85
74 37
44 76
15 38
99 62
71 17
86 81
50 13
26 34
21 39
32 51
48 16
55 70
45 93
49 17
59 51
28 17
11 17
92 11
53 62
40 2
85 74
62 82
91 16
2 30
55 55
59 86
90 6
82 67
18 97
19 34
73 74
14 16
57 62
1 99
41 51
59 92
1 93
30 32
41 23
50 96
41 100
15 70
13 39
31 44
39 80
45 95
41 11
38 93
36 25
65 62
92 50
56 23
44 27
65 1
78 93
2 94
39 21
35 10
27 32
53 22
35 34
43 27
19 68
33 6
53 51
32 64
42 26
93 55
29 100
35 27
66 66
54 80
65 13
88 26
80 55
46 9
27 10
99 100
60 73
30 75
31 32
25 59
76 49
45 49
57 93
94 48
50 13
18 98
12 8
3 81
59 49
29 7
75 33
44 97
98 63
98 91
98 9
3 91
43 30
68 18
75 2
52 62
13 74
48 24
7 65
60 86
30 40
27 85
85 58
57 93
10 49
67 39
46 48
92 51
59 42
47 44
87 94
39 11
84 44
38 82
57 50
29 51
75 48
10 92
68 86
54 27
3 48
51 72
11 5
8 93
10 86
98 46
83 8
60 49
91 87
64 55
36 15
81 77
62 15
18 32
67 28
59 25
24 24
72 5
30 21
98 74
75 37
58 52
73 60
78 90
67 30
60 16
53 65
14 54
53 27
81 89
48 88
52 28
43 97
13 13
29 23
4 96
54 6
61 89
5 65
9 48
93 82
67 74
92 77
61 84
22 14
95 25
78 55
22 67
95 71
21 35
37 60
22 72
17 82
31 69
52 58
53 76
58 74
100 33
38 46
97 44
36 69
4 22
44 36
73 74
39 97
17 77
69 22
18 40
1 10
13 81
2 59
70 80
43 13
55 93
23 94
6 73
98 41
55 56
77 74
72 15
88 77
34 5
22 56
94 93
9 20
72 87
49 65
94 30
82 11
77 33
71 84
67 18
69 53
13 55
67 3
49 64
71 50
41 52
86 36
26 9
22 59
23 99
26 80
66 80
93 36
50 83
7 99
72 7
74 98
67 12
42 73
5 25
86 24
40 47
4 86
98 70
2 14
78 44
61 87
11 64
24 48
19 91
60 73
75 62
14 27
99 71
99 33
8 57
8 15
51 31
59 85
50 74
97 13
59 67
97 96
19 22
86 89
52 20
99 20
53 72
30 97
39 8
18 83
39 69
92 85
28 61
16 75
23 30
24 30
68 93
37 13
83 91
13 54
91 71
54 25
72 62
66 29
50 18
42 90
16 50
33 34
40 40
72 87
39 64
80 52
68 96
35 7
27 9
86 11
42 46
26 49
20 75
32 15
49 70
38 16
61 26
66 91
6 63
27 34
55 5
3 55
23 10
32 12
27 62
66 74
83 67
84 20
32 2
32 12
33 59
31 19
14 17
38 14
21 83
89 78
82 4
54 86
4 5
37 15
93 82
16 76
48 29
47 12
58 58
41 22
32 22
8 56
87 50
24 5
81 13
39 69
43 4
74 71
52 14
86 36
22 90
43 88
21 72
59 5
29 70
33 72
44 46
19 93
89 61
78 84
43 78
21 11
50 1
20 90
26 9
40 74
3 50
61 89
83 82
20 67
59 85
13 75
70 84
3 16
78 16
93 80
11 98
71 56
12 72
83 26
24 12
56 30
84 46
53 56
64 68
80 34
79 61
80 27
4 78
24 93
14 67
36 38
87 60
18 29
88 37
11 75
22 16
83 46
82 4
18 3
31 30
2 22
73 30
91 46
89 12
35 96
87 79
5 84
88 6
54 48
58 40
22 11
87 77
42 99
43 60
98 3
96 71
39 55
99 16
15 17
81 65
3 4
87 86
82 62
20 84
2 26
87 45
19 27
68 45
98 47
41 74
66 64
94 30
36 15
50 39
11 69
67 46
15 52
22 18
15 73
92 56
81 43
69 70
56 32
47 41
83 58
94 54
39 74
51 97
58 74
72 50
67 26
19 40
41 56
66 25
37 21
80 5
42 8
70 74
56 39
4 21
95 84
89 2
8 63
32 8
7 65
88 30
26 25
58 59
90 49
89 57
3 72
15 2
4 41
25 96
16 93
18 75
85 94
70 92
27 40
72 8
18 11
43 31
52 6
39 75
94 98
43 64
9 79
96 49
58 69
26 82
92 51
99 7
39 52
71 27
71 95
51 90
97 8
54 74
29 28
7 11
92 29
14 46
20 72
99 36
14 85
41 25
18 68
29 34
34 45
24 65
34 26
36 72
6 41
85 70
72 57
