100
83 10 3 57 18 48 58 70 87 54 50 39 41 21 85 95 97 18 41 26 18 51 80 35 91 49 53 100 55 92 93 36 12 50 96 56 45 12 58 97 55 71 6 92 37 56 78 23 88 9 100 46 51 86 63 46 51 84 76 41 81 2 54 24 79 11 30 87 91 29 3 9 53 93 8 86 27 76 53 43 40 20 70 9 62 33 88 51 58 80 13 47 1 67 72 16 89 75 23 51
54 27
19 2
20 39
31 41
4 94
5 17
48 43
9 77
32 62
86 92
94 12
19 22
9 73
5 42
59 50
24 48
79 62
86 72
1 93
24 10
63 36
74 68
6 55
22 56
18 89
68 3
4 40
51 30
57 59
50 51
78 100
6 51
87 98
60 94
41 95
78 42
94 13
26 7
10 4
94 53
69 84
66 21
78 8
98 45
46 85
60 16
62 37
26 46
13 19
20 11
93 72
49 15
72 14
13 50
88 28
16 25
5 70
69 64
16 49
71 85
67 97
38 37
90 28
7 36
50 41
34 72
23 53
67 47
20 100
21 75
13 69
80 72
81 30
99 80
19 29
96 67
80 94
37 67
98 22
24 76
28 94
28 91
68 41
58 35
33 4
97 89
42 37
61 92
41 83
80 78
82 94
44 19
35 94
21 44
80 73
27 16
62 52
78 26
65 80
