4
14
99395960 664554897 268124438 239932020 990022138 414803993 186475819 924719063 351228272 363942841 686940432 906248275 775378951 300729898
2 1
5 3
7 10
3 2
7 11
1 7
8 7
4 3
2 6
9 4
9 12
13 2
14 2
18
901804836 2086381 205484204 564532346 726013079 82479226 918453764 630160749 231765352 967913891 966243596 540679343 550832917 460687196 998349187 681350111 910185194 401634051
16 7
3 2
3 13
10 14
5 1
11 6
3 4
5 6
5 7
8 2
4 9
10 6
4 12
15 3
1 2
17 6
18 13
20
437483346 454436553 866432551 236378304 208715591 881987722 236913929 230235407 695720520 365501603 723612844 16955636 467036028 212022464 942677764 465777831 950710238 362510320 373197932 765535891
7 3
9 3
14 12
4 10
6 2
1 2
11 8
4 8
11 12
12 13
4 5
15 1
8 16
2 3
4 3
17 2
14 18
1 19
20 7
20
613953699 603982204 127024755 873851573 200098710 322519707 807793015 724462107 285588233 133305032 299911011 803457517 324224241 440191405 130344964 242108785 29120708 831631347 712641154 627233481
10 1
2 19
5 2
4 17
1 2
2 4
2 3
6 2
4 7
8 7
9 6
11 6
12 11
13 5
14 11
15 7
5 16
18 7
5 20
