100 100 90 19
5955 34748 95007 91890 96328 66695 33838 89601 36571 45855 75418 31767 82294 8925 54820 16102 21923 54158 63394 29335 34980 96500 24416 12037 4971 86211 62970 38462 63074 14948 32611 85029 57189 68981 87009 61042 88323 58663 2831 78992 1857 71711 33465 30687 90775 66646 2660 48624 52529 34809 1891 29163 3216 17514 53059 94028 92742 69949 89568 22657 33277 14747 13614 27982 39952 226 71729 29034 92272 30435 13829 70367 23553 90755 28822 58062 13466 88827 32713 62920 95721 10840 26226 83766 73997 60828 39067 83474 46106 91738 41956 82956 60120 36926 27677 40838 70916 54371 89966 87768 
38318 47035 2992 71053 58233 23562 85713 54756 91551 20459 2931 31696 4458 68138 4429 4985 21115 76936 29481 40408 39879 68315 44485 93118 30197 19307 10866 12846 39394 60950 55096 85374 16733 69837 26544 35611 82539 39573 77736 72642 22500 77542 84035 45959 68180 20015 60758 57490 12955 61809 15116 79389 10702 2079 74275 75832 91923 39588 77549 47589 54697 11389 7920 71996 30558 96635 55110 80423 27638 68418 45469 83655 63915 88717 17624 53006 57959 94184 70604 80227 28972 404 52068 35041 9677 75302 97502 88440 90067 10184 62092 17899 62617 67991 87220 95760 55407 56036 61265 67347 
28347 10611 80623 50419 29619 78975 14482 78307 14052 72884 48 70635 46607 79635 91026 38277 80806 33841 2039 77344 80403 66968 37041 45472 97938 14821 1030 15804 27090 45832 73873 96414 66712 97479 80254 53927 86268 58908 92497 60104 38602 65714 84352 73322 45314 84460 2741 41831 600 92799 26893 59823 89589 16691 45819 17796 82676 63365 2853 96671 37574 18344 14630 71304 35727 53247 37771 4225 13223 46148 62454 91100 48153 36869 46078 56353 69767 1793 30605 9385 89348 12688 18176 56805 25976 42713 19146 98392 17152 55865 44178 4857 64492 80418 5041 75634 41151 18297 50229 74947 
2546 2168 84064 18592 44850 72234 96777 46222 15773 91186 45370 42795 12809 68484 74768 60163 74397 42730 42271 18267 74261 96448 62156 97546 99810 60664 59504 45851 19496 51319 18396 1613 9887 26486 59055 818 36179 44995 833 18355 44420 32189 97724 56619 34790 13404 24670 32648 99682 94438 54969 55597 45267 1946 6579 66643 21162 15049 21542 49219 9291 49176 39328 57853 67437 80577 38084 76020 67806 15631 26279 17360 18749 84356 83892 10891 70174 62486 92233 49716 81065 77486 91608 83215 10427 51080 7239 67635 18819 4950 90832 47594 21639 79613 97377 86485 5373 40246 17277 36901 
78290 97454 30138 67779 90791 9190 14433 52938 99182 10772 63633 15943 30801 93281 50140 55584 22572 18857 88520 52362 73806 28158 19952 57361 11420 6725 40480 37428 41230 57910 20124 63526 5936 19872 23962 46990 65410 75236 42051 10024 71160 91414 88631 55970 28123 23167 90406 70944 83974 43869 47447 50840 83754 46049 90532 65847 89738 89199 43932 37146 79776 58562 17344 81365 98358 78086 37671 21360 52814 11228 93723 71301 15451 39514 2585 83364 21445 26728 34069 5775 22057 8484 66579 82142 2518 32703 64143 47612 87762 98494 21206 17447 11379 12665 8714 63124 50342 59743 15586 53545 
66923 43952 82024 31266 32279 88226 15129 22765 21073 76317 42665 1837 17077 16831 33884 67291 87669 64152 71598 6336 23955 62223 58348 4796 26151 77980 23129 41634 53023 45323 5674 24634 76122 60319 57642 60958 41932 23533 77974 78749 8190 49565 63266 11899 27531 85741 91859 23599 84004 23533 8931 18340 13069 17380 25312 81880 89053 99561 60365 47776 24898 20779 19487 6338 27098 69002 76673 29465 19227 11355 48241 52181 36620 67944 88480 59608 84490 28398 84950 91898 83557 21341 65132 60134 48160 82523 75377 571 6548 93346 40262 14380 66157 41181 45121 21505 30060 67663 88109 85811 
51683 30317 88392 22228 78492 74686 8900 14148 46450 10754 90119 96861 31127 64424 1772 75272 43981 70935 87551 58214 19884 80678 46244 14152 71586 50659 45009 7383 66158 81392 80815 21101 30468 44641 13725 29882 20397 33024 49901 57344 93668 20586 35398 28439 9690 72335 42304 58378 28050 66709 4363 59256 33830 43029 7208 14387 79744 47805 81774 13989 69314 80684 47302 26182 26751 67417 77647 14183 76287 29709 67612 76427 19103 91076 79697 20360 89518 17457 31946 67658 80657 33943 73747 66576 5984 27152 39281 78734 28936 67689 59672 35049 53447 66916 58322 86494 24338 30101 71743 16124 
25394 44389 14511 86053 52131 68179 18282 95344 93652 53806 76040 6794 54730 24028 38233 50161 33820 56342 20543 16311 75832 16265 41327 36933 28765 94230 40852 14902 25471 53139 73131 74744 47207 29289 86856 22574 27536 43316 60880 54352 59595 20998 77981 59401 46971 8356 20349 32760 34810 35527 85234 47248 15218 79420 30996 73305 67365 5764 82059 14956 32070 58933 47989 63803 88189 89527 71590 93286 25575 4200 70051 20103 95731 4121 37510 45575 26662 71087 86333 58951 95672 29827 53195 24184 52885 88578 67589 17827 28637 30253 32631 99522 55365 27802 82492 55109 27828 68273 55913 50958 
88326 9488 53763 26325 30508 69896 72677 65285 99562 92670 60411 51485 17528 9706 98793 59888 43554 78747 28197 33221 60904 18194 14200 88504 11998 98562 93633 65943 78124 63286 1362 26597 96047 63307 49169 95739 70615 78002 6936 38626 34952 24496 50646 71290 70681 91101 76332 12662 43831 81352 77201 9566 39971 67249 77454 45644 73072 17070 42179 59055 3910 1383 29600 75 99874 15258 56940 21943 4371 2519 52737 58270 29534 12549 95918 99359 90715 69947 2005 22380 73974 73224 26154 84110 79695 9804 27610 21920 87995 14781 43425 75439 24481 71267 93107 51585 54653 36699 48628 67787 
54880 79352 57248 18841 36238 861 31460 89258 55295 87589 53826 12881 39774 11195 30385 30582 6701 92706 48187 66355 27871 95727 18014 28727 46493 74345 55371 51942 78754 35408 55978 92406 1407 31763 82035 36724 11639 10009 78039 12925 32771 54617 82453 7686 3248 46690 26853 86229 18492 50036 60753 46341 83933 67652 23063 52549 22010 50140 34409 6746 17968 57336 10476 94809 59694 12074 59612 99246 97913 74968 63527 89463 35273 30489 33133 14217 88298 94715 45479 41131 74460 44992 99645 1846 1876 14844 53806 26075 32281 41881 53579 37693 14375 86547 43868 99666 58191 77949 84314 15431 
93461 59834 57876 76153 96689 60260 22059 88764 98766 15752 97813 83416 63054 28072 52029 34727 7332 30328 9122 24760 98297 54626 30900 66735 91752 92706 62170 38755 38049 30890 3310 29087 51210 39711 14366 8450 21785 34458 27245 15038 40443 82985 97361 35932 19953 53419 28467 17719 37006 91031 659 11357 8602 66070 73377 55697 90481 18052 38948 3979 94949 28563 96278 119 84216 95048 12006 76402 86275 56316 41173 5808 75346 22428 6554 35928 68069 71529 16127 27270 49296 95641 10945 68680 82556 55861 22739 11874 8932 43001 87580 59883 93753 39703 10388 55917 78175 2644 60555 64649 
27694 85289 67267 46480 69201 16323 29841 24363 90506 21891 49343 94292 31724 31839 51565 35771 59520 25407 76939 4386 89185 48225 16097 98370 71967 21974 81799 89155 98720 50307 40718 72231 12698 73793 21717 99008 7738 92381 20596 13078 26593 95064 57045 96930 91873 98312 79638 86389 51493 90517 88456 73298 2438 32189 96051 76623 37974 2289 26608 78105 46201 14837 4077 76493 55111 63172 66189 97919 82092 54858 26789 84791 28360 37896 75264 38991 84496 30164 90396 52215 23307 76310 78955 5841 76117 51852 77298 61141 85759 45670 55565 39149 60845 74987 78762 92826 54358 98483 67690 15918 
19816 98698 9155 16880 60546 17235 14880 24027 9816 2371 33599 56191 27026 5954 75506 58431 30605 78574 96927 41873 23705 46263 8480 1377 86521 16612 68932 5934 24262 13772 13292 76779 2988 64318 15662 84768 80844 5338 35638 57543 53656 93557 28192 62767 69307 55449 67007 252 7982 20131 22841 85317 5667 36324 30568 39412 45342 27520 11771 96746 89655 86865 10131 78616 35450 52325 14343 58471 79399 78108 9984 74161 92531 2411 31294 21990 85860 22492 5937 47592 48377 47884 17600 81424 80160 9995 78054 74982 23005 863 75216 69708 71722 91874 21568 5140 90225 3135 4045 28070 
24660 87993 37792 22907 37670 5860 30777 20324 92336 83082 13960 27812 84876 20488 63765 98386 42861 99534 45272 71960 8853 8098 14561 96758 29758 8317 45682 78176 78514 51821 3680 14459 63250 96241 98870 29349 31123 4289 16529 84106 99036 85795 27205 48207 64969 33015 58358 24459 60332 90028 48320 70185 13991 84200 46928 29768 43123 43140 13065 6842 75035 55149 86624 7721 63617 31589 11136 8045 27641 50912 41959 17911 87145 39400 25511 10665 88912 44121 357 27836 68380 97381 39773 9753 9713 42385 80125 51424 53065 50390 21797 78500 49166 31841 11918 19693 81442 86292 28992 86261 
92984 2595 56826 55371 10488 8823 35950 56947 20607 16110 61314 22180 8157 23033 50384 77992 90709 99581 29574 13600 56992 71475 77063 78557 15754 36969 54633 67560 17940 81790 10485 53148 14672 36265 21898 66598 41192 11890 14650 72588 11192 7639 58315 59331 42575 17353 92599 343 71794 12525 59565 22695 63385 76860 35118 19782 78640 7299 31985 77883 86967 43107 53471 94146 290 61362 19703 3337 65850 20888 12396 81236 64634 48243 95682 2073 36499 30964 55412 96837 53320 14496 47153 39637 51603 15248 26554 94941 10846 48785 10054 9669 56971 42500 8703 98407 62765 54815 12706 68467 
98412 4458 19778 19307 41125 20291 81446 44071 27432 5178 9446 274 26328 94998 38514 3594 46478 73519 58508 16804 83446 63730 15049 65702 58225 21408 72339 58732 11377 82542 39914 62852 50880 42247 3998 77681 4506 4197 61751 57164 56526 50492 61742 81566 83873 96367 1649 68135 70891 36537 50818 36314 18647 90854 87641 19711 935 84855 2429 15088 73775 14113 40079 9180 37205 46414 79360 71 62456 40507 11861 76776 43173 15577 88586 24330 40707 6412 8205 5195 15208 38607 54142 42528 36642 83277 95862 1583 89967 66921 13245 78387 66533 57272 94033 30332 69388 87554 40166 68364 
55103 580 3329 65755 37582 78161 47900 48660 48062 1932 44230 84758 58791 22831 71904 68276 28565 63368 29504 17814 86409 63575 71889 77845 28053 65233 89649 39939 28611 67072 75314 86144 24527 1249 67898 17702 59144 86916 1251 87294 29747 28911 79676 29577 4456 83387 94886 86264 63794 17014 120 71188 44243 92544 83579 91607 82271 27630 7758 80689 25180 75370 35587 35300 58344 79408 69824 20872 67123 17874 28576 27560 69761 40438 591 7939 62633 87091 44626 38379 40761 57527 63036 62538 91791 91620 39130 34232 58529 90318 78056 64518 49334 79391 11577 52183 42155 28179 75316 52513 
30031 46812 51377 20304 968 48031 11392 95172 1676 37173 19203 46446 46952 14316 37166 2006 99452 85827 20046 56696 57053 51985 57664 83235 45842 44063 3253 9625 54519 8169 55924 17233 14493 33409 67640 34744 90952 28492 72718 41452 24656 58627 74617 10527 20929 24403 37710 48602 2842 22014 93432 15384 98130 98616 23700 92295 86830 96266 93846 94858 13804 3442 52450 66873 32540 33633 29940 96319 3650 4092 21754 96699 76213 54684 99956 45152 91938 17198 8986 79702 83114 34260 20982 95734 14752 21537 44038 58098 26124 99233 41500 47946 92907 52591 78270 47864 58092 10557 78086 8709 
59220 49936 2722 69266 92187 24928 341 33968 83886 64188 6324 19848 90603 18533 80554 61492 61671 48559 28565 17988 44907 54371 2343 5242 90451 70751 99590 62862 61422 69332 57292 97355 3488 22758 94632 18128 40931 48880 24731 57040 58786 42270 15867 64530 48221 67153 33844 56274 88296 87359 68866 56478 86252 84848 28856 6809 46564 71106 80668 32892 50912 29510 49192 24112 65670 88608 83531 11509 108 98955 27430 81662 29792 75443 85584 87411 24416 59673 57010 45518 65730 40338 51115 76446 33037 92072 17294 5415 86974 54072 69599 26144 45956 32403 89945 12724 33412 78813 41067 46818 
39766 5553 73750 62428 44262 31547 59793 42155 49461 13820 78982 45738 68789 98825 32434 13223 4624 22924 12777 66533 41057 31138 96175 56284 96761 86811 70240 43159 17820 61118 58953 35797 3106 10018 10700 17513 57111 92822 2880 86075 99098 154 68559 47781 75938 74211 694 4150 40372 38683 53385 10162 10830 53599 86476 42383 55488 43103 49947 73626 50061 23329 1475 17616 25711 22943 87175 1510 32112 85284 82876 72834 47121 19987 38317 37087 45639 97952 3960 73868 17817 93589 24366 43598 260 58351 94007 21818 6807 44542 77932 91388 6776 33192 62043 11378 45117 78374 97607 65361 
56947 74758 65861 59744 18458 69288 13537 1112 16230 24961 46518 10538 27200 56283 14617 1497 93251 36818 61263 62779 44704 97976 74002 94781 77307 96626 12305 74364 27980 12314 59885 47244 20798 3675 78044 84053 61427 65784 41257 68817 86238 35813 67378 96975 78824 40875 76617 25619 13580 9481 83508 71636 1275 32014 12430 98237 47352 72320 94787 16621 62716 42392 52023 72694 94996 37859 69152 44897 51838 38211 4935 20297 17776 34604 54411 64860 21105 74183 41087 68733 10686 2226 77831 32932 39430 9982 94910 41853 15310 24368 32019 44549 41390 53793 57447 72592 43250 3327 30929 61477 
70778 4297 93435 48352 54587 36374 6562 78959 24219 53966 91577 29078 81177 44591 64967 67692 74915 53130 70308 96539 81533 20516 33760 93668 76129 38742 28764 37944 20538 56909 20399 50976 19463 10827 22979 2006 98846 19747 2646 11018 18535 30753 85913 1246 1661 35360 29171 20395 94353 92018 58431 27865 87942 15803 4426 63018 26229 34934 215 41456 56107 75439 90939 90771 53574 82887 58721 48652 34428 67060 65318 36556 74228 69534 16702 34294 35978 96707 65774 70240 80720 62612 57264 41207 424 52566 37426 46296 21931 31202 33463 92247 64805 41156 56052 21820 32502 41856 98772 28257 
48850 38824 82453 34678 5250 29895 40072 22813 75393 18362 33621 94478 20640 22578 86613 85715 26435 87539 62583 40845 79009 66936 70107 44910 17704 54669 1882 39549 46391 38227 8284 42677 33282 10015 43936 22662 30961 25948 74040 6867 25569 73380 28042 97714 97090 73419 86288 65071 68023 61364 82361 83881 78521 7258 88166 75795 95189 23625 18221 10325 61993 35202 45305 97417 49835 92026 70409 79678 92418 84507 16557 22808 21290 44130 7884 40846 63925 63743 1504 4714 47301 63544 17528 5517 27251 64455 12885 72264 68331 32216 40334 53348 2221 99627 82284 36155 65965 92600 44398 48413 
74516 10694 18407 19756 91933 25682 19291 19425 69657 5807 13894 73861 844 87232 61492 66679 89837 45407 89514 52492 68330 37274 99836 27627 26465 78353 84628 98861 43784 46841 26674 15332 92903 14908 2950 32368 72281 11158 12120 77931 35374 88345 50560 90590 99884 78475 27726 75465 49353 13283 26884 38304 82674 82863 64759 34249 90407 80049 17425 45567 7229 87901 41586 48593 48827 85853 30027 44227 91710 95629 16097 37388 67765 30911 44016 40535 31813 55832 93221 23875 10566 42194 52195 46178 49924 33176 75775 74046 96959 84269 64196 56367 78283 27173 67952 60070 8817 33993 22996 33509 
77644 12343 81080 75045 4333 7585 21365 99951 58871 48938 95161 10947 98308 44428 90631 90580 8383 32276 18965 91626 65639 92387 12044 58527 64530 46991 62891 83458 41352 64385 65411 63991 8643 74421 11388 95509 44406 45277 7760 5286 50339 126 61419 72203 68228 52337 21969 46165 31075 60707 7895 86125 50177 82261 97001 8430 95315 9565 21635 74149 60384 12900 55224 48312 77668 22470 82286 76028 58256 76245 37663 56573 55496 98902 61946 39450 52516 36385 27872 85638 54608 55237 3240 94792 97260 47907 39003 98876 52748 11887 59480 89552 45145 1010 44913 75720 48558 78666 81741 37626 
77980 10984 59940 15667 65639 13008 50022 73616 57638 54333 20884 41829 68423 12763 36613 16762 8040 1643 88738 78889 9695 50691 97067 43234 51412 22763 97968 42439 88866 92609 66905 41136 66489 39990 45214 8008 55454 30255 30063 46637 83017 9412 26189 12852 27175 35588 19567 96643 96438 3023 93247 74038 55628 73787 15227 10715 47664 99632 83220 86838 2558 75788 85618 58461 72295 99167 15246 70044 92527 2032 28246 21138 40782 35671 5452 31538 62128 55072 7431 84388 72661 71726 45041 57058 87121 10678 85480 94811 25837 58432 89629 96147 17060 46730 53272 39681 82023 69956 40658 59984 
17081 76021 41625 59998 99284 69108 272 37824 51650 48112 68236 15612 41573 59945 89464 38861 71632 83764 6706 72739 61771 22331 76972 77664 28979 24219 74188 74748 38519 71908 61260 15970 96700 60093 87322 433 70651 67485 21433 64540 68830 46067 35295 23851 22438 54590 20725 99544 94984 38902 23322 56370 71115 50914 52256 509 80459 85023 16269 15503 43129 79103 96859 87156 38841 34696 80505 65196 56003 77553 95880 66280 59267 51240 51230 79185 11065 82447 49703 17185 57401 40314 43263 62984 64171 32883 99033 46568 26285 73335 251 24729 62412 34806 54495 51814 69263 85686 38292 64398 
25644 46320 99931 28451 79633 94994 73067 88047 35772 30427 28782 30122 13635 84738 94529 4517 56590 36880 82487 94019 75831 24097 66935 19802 59281 13096 35865 93558 70014 33640 99565 55255 22519 29595 76884 38414 33768 86990 77893 5795 25137 74435 21418 14738 38503 45390 50592 49066 58673 67960 11579 75565 60171 32384 13279 16083 82246 8117 98888 50534 75910 13533 90499 6055 16931 43313 21171 47111 2057 93054 55501 29871 23832 44901 34779 61882 52292 82844 24797 33974 60661 3820 51492 42278 70569 56849 30965 56354 76109 75837 12492 88309 18120 80405 31862 83070 77232 23474 57974 1776 
80979 39201 82977 30291 78543 57859 24962 97120 87994 64718 39735 83881 65499 91338 29298 61327 12687 27029 48024 54281 41958 53920 67365 94148 73283 76592 93351 20125 48319 11486 32607 86120 18150 40439 82883 7885 32248 76508 84478 2246 58538 33475 48878 12355 28962 22868 92069 60070 79487 58061 8649 76359 81071 5695 48788 42673 7031 91599 4789 41667 56718 3222 26733 54736 17410 57248 24946 98207 24274 43985 25903 79116 22386 89499 43746 44037 53995 30634 99645 94925 16760 30360 31879 47005 85482 85177 98328 21150 61540 529 66944 83216 98207 56440 21824 58566 93608 95581 15374 42216 
30365 89024 99926 66000 7124 11415 68756 17965 5428 32394 15515 44068 68282 44343 85618 74537 76277 31982 34033 29610 60619 83830 35048 92997 55794 48966 39672 44844 50583 83149 89432 44392 31674 54763 95410 57396 31087 63446 97379 7902 77151 49622 84798 23849 30726 86088 6954 98029 60147 89375 46591 97141 64554 60126 2509 39232 85125 14848 10870 97281 61359 42320 69679 60352 80232 2705 28579 84279 47332 66040 92079 43829 68459 85421 45575 52574 78938 65069 45743 60264 32769 49547 39395 56544 79044 8170 40976 46435 78266 73668 42553 37702 29776 42567 34899 45455 97255 85043 88297 23033 
56082 1469 35385 17619 6009 19439 41268 46530 18584 85413 73538 58555 42657 4882 68668 36906 97142 4761 43856 99246 14576 8660 89025 17049 3451 22672 40420 89781 9367 30511 25252 55450 86680 73829 55295 17433 63687 53084 60775 40437 17216 71313 65602 44676 69074 22164 95978 71027 51713 4939 40973 71295 35303 39407 24654 80860 53455 17645 30563 28882 81305 82247 28309 90747 21241 21873 92515 2374 26327 34933 40223 85048 13264 44943 33615 15941 2356 61009 86605 46171 43110 52736 25736 14456 37856 74549 3745 47310 20044 18782 60655 72647 63403 1754 79227 1659 30930 16928 16868 91675 
93224 99161 26684 82313 57866 63265 54538 97021 30823 11914 58598 29603 36964 92441 35328 86008 63481 75495 66201 5456 79954 10273 51304 89394 62223 32169 68566 24506 50437 6802 10883 78902 41915 34472 38175 63242 31277 39462 63761 19693 35756 94430 78932 32361 84508 44373 81205 21407 84180 41828 790 29952 75138 81720 6958 45493 95333 3922 12551 30329 98353 79176 27966 59577 44526 60322 47239 65883 59225 73950 38246 52148 96418 31757 7479 54415 75084 29108 84199 43469 83024 44012 89241 93504 40507 77186 90050 20016 60235 65815 23757 13622 67542 74561 83415 76387 22115 40008 22708 37658 
80143 87274 89672 49873 70377 59864 69391 92149 19798 5334 12247 38531 81134 48863 53088 87119 59837 95327 14083 3041 41731 82743 29160 63539 61940 53469 81517 41269 95993 33113 11718 23977 10701 45385 93304 4775 44257 1949 57309 20121 73529 46204 55107 45760 63277 17790 57645 8910 93448 36687 90609 73642 79148 87090 83160 49167 14540 23644 95745 20621 94513 53749 57694 55847 7445 61467 53461 39571 26443 28446 70976 74781 98261 19461 95437 51492 99757 83143 57215 8123 32477 67155 16780 21898 22822 92937 94621 25131 3805 38303 21329 95309 16969 37789 83994 20500 12455 94176 12639 31511 
43686 28091 37496 23392 48875 38321 31989 36720 24462 24444 67991 66456 37243 96330 95093 68705 37490 99899 92536 53221 29959 54308 64511 64500 97379 39471 83229 58001 13345 96761 91574 59794 6066 29490 80325 85987 27418 54176 56473 29602 83984 23165 18868 74980 91522 81044 15338 95088 7951 38408 96520 55295 31403 84749 38634 9059 85854 87309 77060 79292 53893 27877 14650 34436 7568 72261 61032 4420 74114 45779 75003 18428 3156 26056 565 6336 97458 81778 96429 98230 73533 58960 17453 40569 32071 68442 8115 35512 58 35542 85200 49847 21714 26116 69836 27277 22110 66899 70304 65957 
31139 98985 71930 40414 70393 90879 76445 86058 69900 62658 53566 17331 42748 15700 6024 83473 19485 51241 77240 8309 22872 10987 38370 22434 35176 32022 15979 57390 87198 54716 18893 36165 31358 27010 60726 34726 86815 20865 53641 68740 70863 58758 29371 82343 22157 59123 27383 51401 1229 64604 19483 10265 97367 69578 12761 71579 32712 604 57463 38438 60335 95393 37551 53188 9586 39422 42096 62294 46439 48366 51995 63502 49659 86782 22694 83346 71150 86893 30524 84320 24693 12562 4668 45956 39191 5365 89974 73764 47409 30580 35025 36917 53618 63008 22375 75235 29759 91262 5799 54925 
68496 78311 47570 59398 8432 29224 3262 23125 45409 47810 20663 25910 95767 10219 40729 32663 84056 72587 71607 96156 10339 2368 87511 42779 66373 60699 71348 64161 10341 50273 36187 39083 56057 8587 67566 63854 29263 60966 26404 35279 6022 97715 41190 47211 38130 85320 88436 91313 29563 98061 53918 31651 47230 23744 6539 24217 85226 44498 60758 78174 7909 46087 37676 30224 44709 2298 46223 9444 15991 58903 11030 64416 14331 45279 53803 35360 90438 54663 32011 39186 13119 72186 56618 71130 3874 40658 71021 69486 67744 17539 8397 53722 66333 55505 29082 5629 12113 59028 45206 36363 
76104 78107 79702 617 24066 28294 92837 54100 25491 53354 97761 20986 48676 61905 43195 34591 33104 37176 23451 46778 67784 35856 90554 83478 16783 84381 40230 80753 17567 82010 31522 75488 44514 97170 69379 32009 72858 22664 96276 28999 58234 49009 35443 39274 21130 73973 66130 20276 13479 15729 8279 69757 93729 69816 14268 71120 44955 57005 80943 40236 49486 29002 32371 94117 12358 22045 69854 15904 38147 82534 32921 1722 43418 25914 7523 29697 47826 17155 88910 22777 72423 85790 60640 90264 97738 33627 24755 7626 96671 88288 64629 32303 99934 77831 14761 46840 32595 4155 98341 64142 
24798 223 80882 63371 81267 42631 94832 76767 62779 40029 22191 32972 4849 60541 59446 38314 4614 79609 69183 96676 1149 78743 26521 10521 22864 55182 16645 93660 63593 91276 79098 24980 26666 31571 58081 46620 59302 85143 85242 43236 56229 76770 71285 36399 12772 80528 45497 73107 35442 7251 92769 89116 4212 67056 3802 46826 35746 71648 61510 47342 98440 78353 47388 61136 64967 25378 86150 27852 52337 77546 61281 46385 72944 41490 5025 7585 34624 58934 41226 948 29680 10696 2552 95988 93253 4557 40696 27554 1590 10398 45484 84240 28273 45928 2059 20868 24501 37485 57599 38044 
29782 14881 25542 81733 94109 61005 70545 90242 63365 3535 71016 90027 17471 87736 34692 68139 97742 62701 92499 929 3404 16487 42936 33536 38819 54483 18504 25072 20885 51155 68590 53578 42740 21243 18728 66560 39083 98612 36679 58899 93907 27516 81011 70426 63679 66980 20005 42018 86961 83825 92684 60648 96834 47676 82760 46177 30270 68146 46386 31058 20805 96820 69874 72664 78732 98968 77895 96386 5402 40998 8739 15442 37323 38652 79244 75872 80400 37163 79932 75831 33901 41015 31009 96694 48538 74427 90142 27568 21122 98275 37385 50668 70951 15920 15787 22566 12573 64856 1923 30316 
88714 84227 30147 83585 48396 82895 46321 79902 34195 68717 78056 73260 15202 51201 24596 86411 96051 96326 34106 36015 60688 9000 6701 41213 57819 13480 49722 8786 80902 21243 60637 56508 2972 55115 40681 92320 36502 2485 55812 99890 44455 26666 8713 26976 78385 36654 4965 61608 73261 83836 23482 27804 60167 60800 38783 23589 2623 56347 75197 65950 25770 66818 3796 66837 83887 58719 83764 56301 89194 67087 79269 16734 70444 96098 97055 6195 60025 72479 54770 41387 68584 69309 70752 44826 27047 43275 57886 46053 41045 42185 28246 34025 9286 22028 92168 14996 30755 47326 55652 53706 
83079 2588 91954 5985 22498 51094 35723 36358 98586 40818 31005 39510 65029 48618 50283 74438 30705 33257 73866 95036 85244 19794 45157 89459 31676 85561 99225 27323 28408 60456 1466 24598 14765 38524 81837 73948 16362 11205 24460 79320 87124 82313 34373 9545 51011 54114 23739 34818 20451 87579 43747 29546 47188 28663 43848 72220 5867 94218 63720 23048 92559 99518 59285 47153 77212 66319 73301 28941 82179 74223 32194 60521 16680 28291 52938 32482 93186 23493 32720 47788 89375 83072 35562 26959 39038 59351 20545 75109 46803 88510 33716 62973 66214 53214 14357 19612 16212 6454 21546 69974 
59405 68757 65965 58233 29429 4673 63693 85603 38147 14515 31531 80647 88484 83928 48157 44588 21881 18578 93167 12685 1876 79829 95389 75386 99552 6538 22810 3797 50134 24943 50956 47127 10953 25365 94702 14249 23771 8321 38285 51595 77957 79596 52715 80688 19923 10500 91391 3327 581 55144 41522 54036 69615 25039 89443 77565 10170 90017 2661 23358 17409 85789 91324 24942 10741 72657 18148 81431 10810 81573 11946 80634 1032 94545 32528 64329 40362 32578 22285 60490 18114 66714 56427 4667 46595 86412 3815 32264 4726 72292 19093 5655 52821 80413 76089 69917 87219 75657 21583 3269 
78194 13932 63620 22640 23148 11777 5210 11632 60939 14036 17928 60685 13809 85671 53848 8256 272 53581 93864 22298 36978 83826 55658 74334 60339 94832 42339 6467 6946 52219 70287 98163 87908 38679 70363 29486 74545 16157 90602 15304 90901 953 68113 28454 72464 18735 90139 95717 40183 39633 31110 12116 46352 51498 10308 16629 91098 31223 74395 59264 5731 52713 67653 42367 53007 78085 96464 49395 14520 51043 30303 80814 14281 11986 40871 17463 33409 72882 46804 1673 19126 50617 89026 50068 59504 63951 93699 5371 83530 17425 42111 92852 26420 20402 86256 72331 93652 83541 91810 59647 
55200 41429 11385 82820 5797 3966 76875 10431 30564 87601 49121 49741 39279 23331 79258 604 66672 73470 36552 51504 39651 3039 55217 40960 95767 87542 78672 88086 64721 93674 62513 41235 88649 66834 50041 3016 51243 95549 78619 84734 86903 95274 35076 49072 26338 89233 35152 46539 79858 59705 98706 29557 96198 52063 50801 18947 22155 90102 11813 27777 19144 92641 1982 47725 70516 8730 24285 65245 50746 59919 26841 15797 69116 93568 4540 65105 51405 45058 92067 25218 54837 83935 94466 17704 13361 5107 78717 35133 1265 51280 3792 64266 79032 35484 38344 60111 58399 88462 52007 83968 
48275 32148 15044 64579 27282 65744 39017 57875 80242 71382 16116 79327 85498 67632 50902 88779 29574 75290 77751 70414 97960 39814 36240 86579 30081 89945 33935 88441 31660 89197 85814 1075 25908 27245 25661 81096 35449 75004 96556 98419 84016 21422 60769 46212 71135 12204 64272 53726 95973 86805 21470 92983 49743 38776 5189 2043 94404 52891 25939 89993 475 46935 92715 89268 69375 87577 26722 50020 32946 30018 15139 99347 53895 53736 83084 68560 54822 24404 21519 87071 34636 36418 23250 32919 65001 24260 6991 88930 83104 84703 40533 51105 26090 94028 67141 81382 37043 29848 58901 90295 
71804 61221 29104 89874 77399 28902 61940 16483 10382 12999 35251 99760 53181 90147 83763 83822 95891 79340 37679 39913 27349 22375 179 34656 93275 77229 85155 66470 31057 96491 90229 28418 49527 84642 76434 6320 29345 38248 96218 41726 57176 59333 7133 24496 8151 77527 56514 33948 34447 47343 78884 58671 36547 882 38415 36038 97741 12472 66600 53654 67959 44272 10498 63524 25507 56123 91466 28781 31716 524 55740 63520 9154 90222 27756 54175 83450 15390 74942 93314 25468 11341 8590 27124 43563 67904 53993 3476 40608 44815 18609 13940 99015 41033 64029 83742 20961 91694 44951 26346 
73984 32468 23036 40969 3726 94371 47904 55966 50279 40633 10599 66527 51930 5607 41197 50648 65164 73137 38623 88840 17652 22962 95488 49091 91648 61653 82437 2862 64207 47197 5689 4518 19958 27423 26105 4057 38491 73187 23705 73579 1596 28263 13342 98067 67689 22267 47330 94812 74278 6086 31187 56708 37290 77311 80660 46464 6179 39509 91930 1654 51055 80488 9968 32385 9988 85773 14708 70065 81930 49838 82232 5256 43067 91464 29313 50782 54026 95595 74156 55934 7481 34494 74212 18887 62529 5688 19373 57005 91918 82248 65948 19381 68001 47405 84764 57276 58700 77087 33195 67280 
16921 74853 77915 80053 420 47068 91954 76449 41084 90614 57835 15937 86886 13401 90226 56306 19897 4028 85995 69768 9187 83118 74220 26059 60035 22158 84478 97397 71981 41876 13280 47446 28362 71398 30468 19920 28501 99204 47409 37915 68319 61341 65343 29378 47307 85143 21758 79076 12467 55499 9423 26644 74529 80839 81129 80697 97239 2410 27029 18190 95528 24300 51891 71619 90076 40883 37843 88379 94800 63007 61884 37836 91283 38335 47497 5282 87147 97401 7687 95293 25006 96102 89432 91278 99145 37587 12883 93437 17244 13250 57761 61574 14908 57511 46210 66136 54191 97419 16358 81973 
54164 69709 23349 55413 24025 50204 4040 54690 92099 8926 41421 80541 53226 59884 54918 96504 23289 66675 10154 97882 13906 34228 78243 92990 65064 52901 42351 19156 36356 42415 32895 13342 24961 76270 32475 9716 29456 36564 87484 26753 26100 91110 60144 17508 31015 50077 80249 40432 41747 95814 75439 5869 42906 48610 17402 97877 97103 41927 39192 13495 37818 22749 61949 80727 52984 54051 42766 5355 74136 7911 37701 68672 23967 87985 8080 90835 21381 24441 52498 64953 78422 30956 5889 7479 63635 54059 18630 98154 56718 12268 48384 53729 25105 83351 43296 78718 65655 45290 71246 44985 
26641 5558 74436 29597 51331 29184 31470 25033 32741 28033 4208 33712 28099 32582 71232 14553 73597 66608 45319 53856 18727 11732 34340 82547 24873 94813 13001 72789 25120 61477 22300 24223 29820 89184 88376 22266 50369 82450 90953 88326 86278 18611 40563 23063 5624 15698 94028 93458 90360 74863 4701 4948 3417 11648 35814 61004 34723 93005 50967 73884 31699 44852 54775 78491 68600 23813 81217 86774 53943 60999 81889 28939 83112 42929 26876 85900 47607 31730 93190 46978 20484 87498 3689 53288 11012 83535 59045 24492 92062 92041 26026 89297 92750 41365 47583 54223 18597 72518 43647 35857 
46055 58047 90327 7798 77196 73403 8393 274 70591 37509 83916 41482 81538 18592 58506 78971 61800 417 41089 84883 52666 26096 43490 29974 32307 618 75989 54074 91908 89570 4467 94956 41456 44987 53450 64073 44176 73199 84956 86310 9489 42636 76065 88809 29201 58706 65376 76493 56006 8406 13594 1282 85015 18338 88608 70442 56033 84914 44312 99069 78803 3577 52667 34982 58610 31386 40954 51332 21654 16431 52629 94954 39019 71174 43074 13503 64690 54686 67628 67774 90205 62414 64497 27383 13814 70175 84739 61773 15064 45550 2407 99222 74964 88619 57178 70623 30382 81340 73607 50565 
27102 57210 34962 82492 28559 83602 3792 92940 85507 66022 52429 72719 30157 93898 16389 64116 49366 79304 15435 96544 97017 94012 54597 68199 96134 62552 43149 49079 64483 62593 77586 80878 39878 11472 11669 98175 60188 51411 31660 2545 1862 14153 79523 46015 96151 81481 73558 32409 72855 96316 45880 25825 12898 47134 10607 41424 70762 1153 95862 52271 26545 37546 33593 72382 93872 33330 31709 56464 70515 69542 36533 94220 18618 56872 19662 38638 79353 23852 18532 7716 54457 2555 61322 91378 15862 67219 47655 39919 98174 45989 22419 85573 18616 66582 42334 71349 10267 62431 16618 64785 
8850 43949 33612 85215 62399 24609 16238 75901 52629 32401 44848 69207 91773 92069 83426 78739 24274 71099 42700 99110 83108 80196 75335 5500 13689 12101 93569 33299 39303 87351 31708 63072 26459 35111 41807 45546 56118 9686 98180 48906 47275 47642 3961 92337 53282 19099 6495 86146 76567 4727 91006 7252 23196 23327 10831 24785 46579 10775 37184 93753 69397 98618 47700 18624 90765 32628 41856 39883 50110 91654 57999 6679 67161 73606 80351 72627 63688 19516 94018 26241 65702 10342 17022 99769 55940 31348 8589 52453 48454 90541 46525 42694 67203 66697 55313 27854 62089 80564 54366 72708 
92759 95602 17327 83843 72449 16341 65602 36411 91471 65608 82057 30031 4702 57608 26762 64917 15134 74693 73951 99545 5010 53606 96887 57466 70259 49346 50675 58060 89742 66824 202 34100 59809 77368 68677 53135 7138 12648 13123 37387 17816 58784 83286 24876 44703 30589 51972 61833 69353 83922 84904 16908 38360 55010 1742 69878 79684 91624 75386 47480 1275 46223 83554 54011 48764 85754 82800 74586 71452 37501 80033 92834 29314 29570 33768 77945 98730 42470 6027 55060 59749 45817 48485 15583 59606 37089 54499 64569 49431 18520 23879 21589 87827 64841 67112 80698 86249 85655 28496 4579 
20143 35062 45148 40097 16205 62960 6047 40308 85150 66562 6016 80022 32818 41820 51736 46416 41742 22116 10389 58690 38795 499 88569 94912 76947 50391 96891 58768 69767 9455 67461 28557 60796 4019 40180 63686 5145 49353 9084 2847 7931 8689 47202 90511 53489 7834 67231 20449 10528 19658 79236 35188 59904 2682 47536 58459 50717 76055 19163 12765 49655 38467 17679 77493 39106 22994 53002 50067 86375 21230 17118 27386 1857 93043 13905 47360 59201 25299 38493 13937 6186 42931 49040 11212 39286 88172 16909 10340 45743 67851 29129 38177 90647 37842 33487 93309 29889 90677 55389 58343 
37429 61629 39109 70339 72592 40105 52269 38824 7522 6408 74255 79744 14414 43328 4153 62348 72717 31145 34638 99806 69516 8019 98468 41436 19369 72476 58276 8676 87898 93051 27917 85730 48550 70264 73009 93532 36809 17585 94038 74919 59668 39959 18038 1487 82731 34063 1568 4051 68614 93010 75093 41318 66001 15213 73196 77903 33324 16577 62798 41802 20715 46852 2234 5989 55447 21119 4067 27972 83819 20558 54285 2077 82200 96322 60531 41021 62370 57474 7524 31713 64576 65990 16289 51358 42688 79035 57825 70425 82848 84226 14158 40015 74038 12657 39109 32751 81130 64784 53945 86299 
55702 65853 97521 97547 70797 47881 87013 98378 77137 3064 44549 40983 70715 69733 41651 18980 68951 83676 80260 5435 32678 65982 75747 5172 48090 23616 97357 99648 28541 8013 49718 41346 23659 24831 20770 74992 41203 56010 71821 77238 78266 71346 89636 61715 48344 78351 5482 95131 19513 71248 79476 74707 42205 68565 23725 10008 4984 23892 4978 18616 20690 8693 56567 45879 98761 79861 8289 35372 21866 20199 233 61218 96924 1006 87328 31383 91221 13189 82149 92576 12931 75127 17841 90083 43397 75239 87020 65435 19535 37578 26389 32344 35113 66280 74397 90780 43152 69534 88172 34175 
3059 58303 30171 86764 2391 17966 83545 54434 2420 64774 91495 29493 49335 77554 25275 99818 52126 40149 9024 670 30078 50659 7700 3583 20224 40358 19273 78001 73504 43451 19269 72362 64109 51762 97794 79319 58604 44497 57295 53621 32245 45394 75117 26008 63636 20896 46099 66632 360 39198 27722 86495 9736 21696 89617 82381 86329 43344 58330 82004 46361 63914 89547 81708 46168 38176 92095 84384 51258 55704 25699 55407 36278 96393 87321 67532 72378 21857 2872 38782 14724 10178 59337 77600 22314 44032 25547 73314 58131 12805 96881 48263 45628 64173 65215 12293 68629 73578 41872 9288 
69697 8321 62099 75248 6649 70187 44298 34062 3113 81046 7146 4395 58257 28993 34557 83136 806 76227 14435 51839 95055 35749 47276 56905 9736 73763 34240 28662 39874 26639 36119 66768 23329 52046 49153 65016 6301 59001 24064 42080 21570 38877 81481 86319 75632 91612 29479 12064 23675 4266 67863 55299 29163 6224 13133 36986 31645 42284 97294 6365 55585 80495 79923 82263 77787 92734 36493 23751 25602 66066 35451 47872 80708 88600 2966 63626 11839 73938 31269 30015 74793 43188 75721 59150 37993 71111 72339 86747 57148 99273 91465 77116 64273 53003 95045 59454 9710 39954 64949 61566 
71081 25431 40124 35153 62607 45223 94159 93628 78784 13763 99673 44252 58032 55265 25880 26144 28136 99049 55614 84362 4612 36153 33841 65650 52563 43650 75819 80259 17498 56104 82459 68444 9328 5862 37858 49456 3875 60168 33846 88166 14098 12399 47267 98394 90033 6417 75461 89978 86185 13206 80975 37129 12469 91516 61511 20096 37893 46580 38343 82824 43327 10626 31550 79905 77945 32353 32141 76191 86593 6621 10123 13607 11637 64119 91969 56182 91083 98980 10638 96987 682 80527 13605 30584 71983 80498 49738 66820 72425 92353 93368 25356 85597 33151 67518 27758 59940 42599 39102 44540 
12904 95941 34540 14559 18026 30170 88181 61234 19582 73467 22997 71811 67213 65938 95232 64661 74162 41692 11898 61312 97311 44041 64351 20591 55413 15136 124 5697 78191 34488 5747 89034 91992 15968 29659 48335 68944 55640 28414 78989 4875 75733 56889 44434 41553 29089 91040 81378 17567 82873 46968 79123 8229 64973 45626 50450 42118 87907 26423 54588 32124 38357 30158 31494 91537 45294 81623 94006 85607 67313 50652 93191 47184 37234 11259 64905 34007 443 28102 24190 91509 49993 10146 10206 20925 41932 53291 44020 96945 28266 89007 91839 51914 61149 99406 97458 2676 89872 29345 83476 
3695 75814 89232 85632 32335 69363 97690 95974 36509 48641 86256 44169 88949 59884 93050 46464 47430 14534 30865 68565 9236 24020 1284 136 53401 40560 89556 25100 78368 68357 68023 44937 78888 84214 82136 90937 36840 38039 40533 54924 24901 29617 59808 6788 81085 7619 25471 77848 54368 2332 59981 60533 64689 66626 40310 31353 43049 58062 18750 7191 76981 3117 43931 95638 28755 70369 63702 90897 71929 21886 2255 37272 5774 77549 54070 57453 19055 53549 99026 12681 77483 46637 11261 45365 52647 63699 94086 33713 43995 2231 30286 98320 91603 47273 68620 71129 58159 11879 4682 78312 
79652 19592 96453 2123 91128 31956 63280 1766 83114 32874 99986 99088 41576 30841 31875 43091 16982 81286 56019 18960 79118 21772 85828 7609 13371 81367 40938 95956 11773 52201 6642 511 81992 91734 45465 37638 78564 36071 67344 94191 31758 22298 63487 5263 33270 88896 34270 95570 30687 41662 72349 75446 15074 19916 85150 24112 69836 91289 52630 81959 69051 61574 73104 51988 43013 13222 30122 26632 61969 36773 9685 65734 37884 66078 68441 52229 28181 47714 58255 6479 28577 21624 20069 5860 98456 5304 22686 31544 35718 57583 78831 95504 16491 34270 98275 80073 93755 11866 87480 31858 
73407 37166 88255 61805 59986 73684 22880 17234 20293 14144 89172 50379 9052 41750 70826 42073 45039 31982 98211 42670 54985 7959 29397 4913 73612 13425 60267 12029 58155 20818 83651 54242 15822 7842 21071 29827 3730 58302 31125 72118 25351 98681 59471 40007 39696 95190 8972 86773 52295 81488 42317 8436 76950 90195 77704 20073 94142 69600 93417 11601 56500 17004 30284 31066 3167 1089 6084 40616 85788 93244 35671 59666 22618 17229 21727 99106 2558 29691 57035 62777 12288 7869 27676 92488 29164 22946 82793 67480 57538 13162 95579 13348 7126 91754 850 70617 80209 81836 86718 67005 
95470 58924 57254 44421 2430 13053 92037 91229 32453 62114 15720 80132 4378 77941 34001 62125 28171 63044 3383 22559 83063 5615 73987 24534 12210 72875 23349 86464 79012 91618 35517 54400 25738 63120 20259 43695 53107 27463 39327 23766 53189 89325 98497 21526 53398 69529 52075 39168 8883 20089 73042 88093 91933 90095 1089 28903 90086 84463 40181 70477 17176 88067 86850 17459 96911 9959 79884 12976 81338 45549 36175 9391 23358 29947 56952 13423 47763 33032 94378 16387 20613 50914 16026 63218 68948 62571 69395 68119 84756 37911 52243 76354 3054 54479 55084 34358 18365 25330 11395 4105 
90162 41391 36852 55495 50353 88140 71789 54863 21361 20866 60686 39316 58144 74174 51248 94238 95260 40769 58715 49703 96443 66369 78222 5022 63301 81255 18107 28743 88405 37071 42824 21689 71547 67307 13935 91166 36284 73472 85534 5079 11729 8839 54488 93366 38020 70413 59443 4001 46614 11604 59864 48086 63548 21359 35366 77410 88157 77162 30351 95208 65525 38304 25721 42976 70358 62915 70814 41845 61442 17272 11661 39398 19985 16600 50151 24070 69745 1808 17699 4348 96801 92801 21578 97892 35414 3265 82491 68972 55158 7128 18888 99224 62751 15044 13592 56222 85921 73174 5539 11211 
36928 52819 92697 49820 58259 1907 85563 49606 53448 72613 24864 28878 28926 72970 34674 71857 6920 14421 31182 58878 54545 88977 7079 93559 31219 35003 90692 87796 4862 88580 79677 90240 59447 76977 85634 2618 35031 44282 26101 33620 65864 19598 58027 54968 65899 44429 13422 71838 87349 20749 13150 22583 87565 27766 45707 34630 83951 2310 52349 60417 51980 43342 33037 49844 81928 82898 89481 98846 80475 83373 67827 8947 58001 6890 65154 65336 8938 94093 6816 12394 22394 17288 49035 97431 46154 93830 40085 93315 6549 82916 22947 49637 13900 46002 27249 6408 68306 67447 19405 72010 
70305 82346 68759 6464 55715 36794 30696 13648 90010 39687 70952 77269 10585 19078 21365 51519 22504 74177 60739 84208 44804 31829 33975 36353 31772 23474 60299 5435 46038 72959 1582 14110 42056 15315 57792 68061 42783 57085 4314 99039 83163 69821 98340 66368 50193 88392 58141 29550 57736 21032 11287 76493 24444 24057 42584 21523 75870 8014 1114 63309 20882 47114 40428 31544 4208 94567 83823 57384 54116 44595 37689 58757 29422 25933 1558 96201 47106 14861 32834 16036 45737 6745 36848 53688 9310 29265 60454 69693 36465 51940 16671 92766 78536 6840 45703 54170 61529 52454 59395 8964 
64434 97980 20614 82883 11890 54873 98525 57618 39660 44341 49732 31905 51339 41718 75502 41459 41544 65980 6370 72766 51062 36694 8664 1134 33751 32586 23520 77635 89732 26673 84283 19214 84937 26840 88352 66904 71591 81665 43641 68826 77264 75520 24131 1798 2894 23710 70674 6973 10396 3866 41130 20695 2636 65411 75079 75742 3295 33919 74646 39155 84528 40519 70970 97256 97706 46184 72520 51716 91629 53155 20362 42690 72845 94382 42208 81106 98003 52434 87547 2998 16186 59755 83520 47206 3218 61355 12011 25613 87265 65879 87081 36074 21629 40744 43005 97680 55700 49259 50204 65575 
27684 36193 17553 24585 68451 25024 20954 94469 72376 69105 35081 18719 97344 70544 36164 429 1323 93198 15749 61788 27836 5266 63290 54729 80396 76052 80102 71433 91879 85537 36606 91201 15437 35802 53133 78191 49907 87893 21137 4639 74432 73434 27644 57782 46832 29351 16148 30507 34452 76845 7795 76937 48816 30833 65864 17935 61948 91500 56628 98512 24739 71979 16173 15027 76103 18831 47038 5364 51899 72621 99878 96129 81704 55824 1301 76605 35849 89427 87666 52801 92879 64615 60727 98454 1437 61203 55443 2972 36589 53902 34247 71687 45417 32647 13162 61596 70771 57534 51653 53432 
27485 66889 77815 97226 59026 17680 26898 55060 57355 9425 31645 66573 55931 97820 77936 28066 42276 9592 61851 16241 38207 57436 12735 3724 81464 77143 4659 924 62479 35177 45089 91484 44121 76744 28422 50618 34748 31292 7733 6105 49783 35298 95925 87185 13880 85261 15647 25933 22564 52800 18625 27724 22450 70614 88221 45570 49424 96762 71402 41204 3261 96847 28914 25023 96685 31626 88754 35473 64648 72659 23710 558 80684 32999 13946 90188 71462 68249 51842 51960 66109 78636 15459 67535 79687 27738 60480 86278 84209 41233 32302 17987 97980 3793 75576 23137 85403 37583 41340 27248 
84438 90357 10891 11250 46666 15711 97389 65535 9958 8160 51739 49954 49551 63899 78531 63834 49149 30090 56712 33274 2364 1851 86207 55817 56844 75693 50483 24098 97794 47832 14178 96053 26180 51330 81950 34469 40689 267 46925 37897 75863 2786 67913 63403 69595 96397 46721 81195 13908 6309 52982 10076 98672 88216 26558 50182 51950 97509 51492 38819 66850 88163 47974 77219 25588 95099 31126 17576 33953 81737 92346 6281 17689 37215 74637 36115 13631 85698 11739 22372 71373 54283 36360 399 62573 48104 84970 74747 35329 56152 20298 65443 80091 42866 37959 82679 72901 99359 72787 55161 
28475 27835 48981 69954 63884 19992 15429 51707 2077 70427 5107 19172 28326 20765 13984 82544 23315 51051 29475 59462 2789 11175 20293 71362 70510 70501 8486 20659 62008 76526 24950 12698 28222 91808 81084 69681 90065 78028 6387 97506 47733 76567 85768 39883 56769 21690 40157 18209 95747 70242 67977 76297 82650 42128 27638 38369 34682 15226 78497 62965 66795 62472 1918 42955 17098 32312 13041 30200 55751 34523 58262 40712 38245 26390 27066 7257 25054 2114 14656 60288 74652 31692 1277 29796 37952 50389 13084 35550 71135 84787 64986 50591 4864 4078 30763 11402 35232 20708 74644 83222 
71022 50854 43630 76013 1135 13048 2602 91279 52667 87029 82791 10544 58526 8585 44574 28085 53496 71989 69143 33947 1854 65167 61488 64401 84566 69983 42205 5273 57535 97539 15683 46123 97095 24812 348 36145 18386 31710 36598 65580 24314 54260 60692 23566 25737 28634 58604 23134 59553 945 33799 2647 25365 5870 84996 61737 74382 7067 21493 30167 96967 85045 31488 32567 40656 59597 17407 33845 6767 84583 71585 14800 68538 86974 51847 59356 9246 39613 58567 73950 49979 33223 50444 90675 72710 60113 54453 30825 13670 51203 81234 89668 71960 7354 89962 10747 22795 45641 40023 69144 
90084 43123 11976 78108 4507 6515 23262 38040 27548 92948 54320 57909 55047 77497 80775 14542 33360 26582 3266 5296 65312 16501 92020 23841 11890 26835 37249 68918 1079 800 33412 96539 54035 25891 51180 27183 9886 19763 36603 61381 79139 45470 93830 41380 26788 29734 68183 97864 62068 49439 68430 22495 66971 11731 8283 85452 2358 11135 5093 76968 20309 8211 24743 47132 29787 4341 28078 15849 2209 88190 701 93024 18675 15836 37833 3434 61010 65839 8828 9729 42705 3660 89014 8756 63416 34588 82503 7207 21923 71742 74103 63281 63459 45601 37407 51709 84924 37163 85197 81322 
2598 20373 26340 49451 93773 19053 34297 92327 9745 90834 27991 88409 53734 58811 69244 75953 12117 37361 45401 74642 63545 50896 28598 46866 26211 85354 65804 75837 52311 97508 77833 30002 95820 94135 96944 77892 41040 6544 27543 69083 21378 71569 89127 93937 95382 22638 8063 83189 81556 92336 40400 87691 7481 27318 29378 90570 82484 23311 18670 57660 48715 18657 15747 13762 52180 10757 66818 87470 84380 93320 49185 18119 62595 45835 68332 75336 87934 30244 58879 35041 61972 66459 5581 97428 30274 76015 27996 64281 60727 80974 63238 11867 88888 15520 95994 39001 96509 97181 10329 49190 
76754 72626 25433 16809 81783 56768 20006 9054 73440 56605 4220 72499 89077 75538 44238 3788 77716 77403 94306 12735 27499 28777 57427 11065 34814 61507 28398 66647 93511 29281 47317 90222 42064 59472 96959 64291 54683 33105 94837 58771 30363 13114 39319 25549 94936 28339 36277 1363 84591 72026 38038 47645 18607 57152 95573 11766 74142 56873 26367 70333 91730 1232 86614 47109 75096 81569 31793 39637 78800 59805 14458 26344 75343 31226 12239 44238 6204 64384 92353 37514 14739 64013 78232 90034 42438 25777 75724 43058 17975 435 65262 1929 46814 70794 15293 30667 99753 35813 54193 32925 
55351 56548 29556 26332 79484 91261 43620 374 54945 94136 1362 8527 59425 12018 42662 75326 94669 75966 17625 81262 30249 81695 34777 9661 50828 59312 82313 28256 1764 91740 6782 90461 74479 66470 94531 85999 1251 22979 57814 44006 44103 22651 23145 20004 91544 87403 8546 82722 81990 18214 53787 11945 80244 75759 35682 12633 15899 73665 154 48997 72263 62663 88409 9684 61112 94596 60072 85442 2691 39468 15590 28829 29455 25929 22885 42761 78648 30712 60203 14876 25488 1193 11314 35139 73720 97538 90441 17243 43147 67965 10417 56537 47860 68933 34336 62306 38163 16829 40450 93747 
33212 72185 59347 39355 39352 77955 67718 91452 82882 80535 27361 34638 73675 2632 22718 88988 63606 96729 32588 84421 53757 99972 16588 92764 34346 91094 67125 45768 97791 94673 68305 25476 80335 8809 15389 54752 13218 20264 39244 2431 73493 86474 67236 2839 22231 94913 73280 13588 21133 62834 35469 87798 97967 40150 34797 72142 44618 56859 65559 73605 39196 71264 48853 66068 44282 13564 8068 41421 12173 26840 71832 90353 47089 27248 44021 82328 70485 73878 53687 30732 73822 96367 74379 12014 64195 46260 10355 18512 77106 37714 59558 35897 54538 51627 83662 70212 79807 90483 50665 38401 
59226 6451 5256 35090 36758 77866 31283 99471 30532 2855 7459 89571 20071 86831 88198 39757 10041 30589 35679 13569 43012 28605 60675 53540 32266 2609 1661 32403 27262 3789 40427 61276 99144 7674 57535 33187 40805 76918 42398 9758 59876 70322 43332 61018 94698 275 44927 46612 23919 41842 37968 8257 57183 19132 82413 74790 31770 94770 11777 67201 32341 17450 65226 81854 13111 30220 52026 39106 25084 6774 61687 48612 86965 46969 79419 94223 28870 77081 99796 24322 6951 1361 93285 22704 81636 18893 3556 86080 26845 96654 77402 174 4326 44810 98534 1000 78663 48073 6746 83857 
62493 80617 17181 37058 69368 54043 48167 10980 41051 75939 20808 24759 54848 90620 96065 42319 40273 10130 79432 79185 85872 20646 74697 80346 54448 48141 77408 21593 86041 4466 59776 87440 78760 31631 51375 10518 86348 31160 60328 42328 55050 59248 5016 78036 50682 30962 71489 12637 53288 18858 28954 98714 95668 68057 41644 42342 33811 86004 17143 60913 3724 79045 14411 48093 3259 80361 43184 57250 44593 21584 39358 19115 80274 96449 11365 46775 59094 63731 23047 77242 42888 94549 41913 11033 59082 391 36293 33489 53647 59038 71147 25232 80128 7684 8732 27642 79832 34582 637 12678 
56199 75684 21418 15902 38835 75348 4144 11970 86866 66752 50514 7142 80146 63219 88037 18928 48209 2608 5684 6459 81413 51276 21948 21079 69077 4494 53393 75142 63262 118 13400 65056 45903 69491 22603 69136 25485 80107 9528 25493 47824 6840 40962 36866 47140 98053 64478 46942 22441 70677 9559 24996 11988 41340 72139 20260 17292 61828 53708 25313 95693 92105 29568 82578 42152 51677 70017 69793 29569 16582 99165 93742 34031 87227 77815 95597 29600 92298 73733 90563 71923 5909 18672 99949 12828 51632 64119 98234 69540 77444 87564 36268 99142 81904 78933 11674 2514 9027 94476 23249 
27726 1699 57408 70287 66672 32905 13682 17863 93253 28194 80185 65280 21582 11632 41950 53237 36990 2599 91424 17750 32413 45392 51217 28005 15751 86346 62167 96827 39022 97508 59245 20481 76532 57732 57600 1655 5042 88931 82802 9136 58292 57166 53562 15699 36154 72806 75553 19484 19160 85569 36583 3450 67095 12552 64380 98766 76594 76791 58183 59058 92826 53088 53315 65168 27219 19655 91453 41414 94037 71239 46839 69481 14155 26988 91016 8190 439 10808 88282 73123 77932 19295 94826 52548 80179 71274 56076 66855 72935 35607 420 24737 66968 75255 45614 6462 36364 75279 56023 37789 
2009 33943 38338 29777 31916 98142 36868 21825 86534 67077 25479 72488 89817 36927 6859 15094 81967 53784 71425 8494 10436 1387 35022 91175 2599 81865 19470 24331 89661 75993 35663 826 41086 25747 28017 90088 42774 78276 39084 37626 79237 46637 37834 50253 42336 57219 51561 44784 62702 94257 48507 23877 23883 89265 11846 51972 53576 14231 51172 9752 51049 60423 52899 53343 70565 84345 73830 88654 99754 764 83811 18315 34230 25392 14211 15570 92192 96907 85989 75312 25325 23157 30747 63819 9883 96011 2443 69976 35641 15616 82223 24579 55341 87320 8437 65259 44397 51147 13728 18180 
10342 73256 93606 13843 52729 24719 79888 15765 3192 41973 96381 20248 25614 92772 50559 39264 94164 22105 40253 38788 44476 76516 56143 19662 68170 62540 50213 68447 89110 12968 13024 58729 69324 56231 3734 34354 99468 69705 5619 3576 82923 163 39795 71463 75567 75391 24265 13989 56983 20793 36956 46663 12177 67300 79972 47865 8001 95651 37169 96666 24193 76752 58788 35773 33371 21177 87636 80681 82961 23550 60203 858 77078 6580 62342 6...