10 10 9 6
57875 3187 35440 54562 52716 74830 93663 22025 57456 96400 
82424 89354 59625 50804 58126 72315 9621 91722 22122 81573 
96037 65172 97063 41508 43297 12682 97878 57930 30562 45367 
33594 33116 3638 7226 71213 42771 50559 40358 15577 29116 
82549 13283 69408 36216 80352 77291 60853 6525 33502 20365 
48800 36211 6659 95981 63006 97241 38804 42625 58718 61757 
20523 8886 2149 7943 11382 56681 35915 49615 62552 53711 
48348 84034 7271 49197 73529 6913 54092 66400 91156 87586 
69734 69495 52247 87469 60518 15572 4541 8256 68916 91151 
94615 24652 29770 58643 58377 27094 70868 57951 30667 18455 
