500
1 84409
2 69761
1 76225
2 82637
1 81089
2 88331
1 22813
2 53529
2 16121
2 96629
1 89743
2 19489
1 81131
2 31993
1 88609
2 43121
2 67601
2 72841
1 57241
2 89125
2 45473
2 80801
2 79469
2 28001
2 6621
1 53041
1 26241
2 26817
1 71081
1 65009
2 50201
1 27611
2 45301
1 86081
2 12001
2 59481
1 15201
1 33351
1 99457
1 31841
1 29941
1 10601
1 69201
2 70321
1 86951
2 4801
1 27601
1 27731
1 38085
1 35005
1 29921
1 78103
1 89721
2 53001
1 37651
2 68737
2 33051
1 49537
2 19601
2 66549
1 45401
2 28266
2 92161
1 28289
2 62201
2 61305
1 61343
1 39521
2 59121
1 74241
2 3137
2 79957
2 25001
1 31771
2 44901
1 6417
1 21201
2 34401
2 92365
1 12225
1 46833
1 92191
2 43931
1 83681
1 48977
1 50201
1 43621
1 29361
2 83053
1 23061
1 23921
2 47756
1 99315
1 93665
2 68539
2 62177
1 1953
1 23689
2 4449
2 95791
1 79621
1 85121
2 21001
1 4641
2 58865
2 81633
1 20521
2 80321
2 95361
1 88301
1 85601
2 10641
2 6901
1 12961
2 73257
1 10721
1 83905
1 72937
2 97806
1 64833
1 13337
2 28665
2 90593
2 59633
2 11105
1 19965
2 22001
2 48001
2 10563
1 51451
1 27841
1 17573
2 57256
2 5269
2 90741
2 77661
2 521
1 39003
1 34785
1 95453
1 1921
2 51545
1 34321
2 94401
2 68961
1 31301
1 27939
1 43083
1 3935
2 82017
2 93329
1 19265
2 12449
1 57809
1 62851
1 50241
1 56396
1 75001
1 26769
1 42651
2 9281
1 17217
1 72801
1 2761
1 93601
2 45681
2 50533
2 9889
1 63457
2 38097
2 27741
1 53849
2 69881
1 68993
2 76981
1 12753
1 63681
2 86913
2 1
2 71649
1 29213
1 62241
1 94626
1 81031
1 65529
1 23329
2 89551
1 57401
2 14137
2 64512
1 97397
1 9481
1 82649
1 49921
1 93153
1 64801
2 46777
1 48481
1 92257
1 64449
1 63425
1 21601
1 52626
1 80881
1 62529
1 24833
1 25217
1 33007
2 85345
1 81561
2 52417
2 43497
1 15905
1 80493
1 96341
2 91101
2 19559
2 83581
2 33341
2 79201
1 99978
1 26065
1 99041
2 83151
1 59793
1 44001
2 90089
1 34251
2 64481
2 81949
2 82765
2 40481
2 74561
1 16001
1 60081
1 13081
2 48673
1 42985
2 93201
2 9501
2 23901
2 65441
2 49751
1 18881
2 84513
1 32321
1 46369
2 62371
2 73073
1 4843
2 97029
2 39751
2 74126
2 1209
2 62401
2 58561
2 52321
2 80601
2 16001
1 61857
1 50401
1 42857
2 76737
2 55336
1 13161
1 59841
2 79333
1 62657
2 69281
2 74401
2 27501
2 94117
1 77244
1 15311
1 71423
1 4001
1 19265
2 4951
2 50411
1 84721
1 77561
2 843
1 11875
1 19205
2 17951
2 46005
2 31251
2 18201
1 44865
1 78681
1 59289
1 53729
1 48161
1 36481
1 75949
1 85321
2 6121
1 70177
2 55429
1 30331
1 52561
1 52081
2 66841
2 23037
1 32161
1 70017
1 69825
2 68126
2 60787
2 95761
1 75626
1 58281
1 67529
1 4769
1 92431
1 45441
2 28641
1 73121
2 71757
2 50151
1 88906
2 2361
2 51381
1 60321
1 80171
1 1441
1 69276
1 46369
1 99121
1 56881
2 15105
1 21901
1 21457
1 91201
2 81393
2 66743
2 33019
1 43921
2 28601
2 39777
1 46933
1 40369
2 11073
2 96097
2 86051
1 77409
2 13121
2 75251
2 90801
1 88351
1 36065
2 93581
2 95541
2 59761
2 89345
2 58761
2 40129
2 28929
1 40297
1 9077
1 21345
2 14573
1 35537
2 26001
1 11425
1 21913
1 13861
2 26761
1 39501
1 833
1 82257
2 88481
2 14513
2 321
1 39001
1 1
1 85189
1 27581
1 20135
1 78194
2 64001
1 19181
1 64321
1 44001
2 32983
1 83407
1 16101
1 59569
2 71049
1 25473
2 84561
2 55761
2 69761
2 95217
2 9041
2 42497
1 53157
1 8097
2 79549
2 68517
2 24513
1 75841
1 51001
2 98881
2 3201
1 28641
1 90401
1 59073
2 88001
1 31335
1 40353
2 32631
2 6311
2 97926
1 6227
2 26901
1 70273
1 16001
2 70901
2 40001
1 26561
1 931
1 93921
2 89041
1 651
2 12033
1 29989
1 18081
2 94513
2 96751
1 19601
2 14241
1 99105
2 42321
2 1401
1 12193
2 62216
1 78631
1 56801
2 15233
1 52161
1 4401
1 91189
2 3681
1 10161
1 42801
2 14657
2 8001
2 20961
2 90657
2 73137
2 25801
2 41345
1 77779
2 58661
2 41601
2 1181
1 11921
1 34721
2 8553
2 58081
2 44993
1 67841
2 66241
1 52521
2 34841
1 22443
2 53521
2 50101
1 70881
1 26477
1 21201
2 50561
2 62867
2 80001
2 20841
2 80031
1 12001
2 29897
2 61393
1 36001
1 38086
1 23306
1 82501
1 77857
1 26081
2 83841
2 19951
1 82001
2 6361
1 83677
1 10621
1 82441
2 54539
2 18223
2 89209
1 65776
2 92130
1 45021
1 72957
