100
9
327315517 47189004 513459587 682941498 912340198 711035780 414956502 371498089 572541052
11
2684284 774806267 768375363 464260344 842548834 762015068 354641145 786734680 449702985 165155753 919107485
79
527771932 300595047 398475092 341028776 485443275 739536533 936588054 585263479 686262892 162970578 954418024 463332041 592559885 374195904 870259979 408225603 455447104 148345125 324389761 815534828 441904793 381458796 619405713 571603121 467182641 312230178 690703815 442905826 641824038 896765817 856542961 175119283 757221401 45508040 299633315 320512444 65048238 437267976 294305204 475367034 788579855 588667737 35594943 940810956 124079978 457613435 370922659 346867062 323433070 75628629 714106115 988016545 53507026 435935346 322971847 35100505 5417935 482091391 869877401 346760718 729523873 804862415 79071593 717094163 340387593 496547799 647159530 40582178 200569038 451469490 690232850 440167895 766403383 568033949 738032030 83804720 589872530 931933052 621467276
13
50206483 762215857 724248916 409919134 953195720 516356712 597870799 94579422 263706747 425586192 300531643 482779669 821203132
30
698316551 224221579 963753810 966786046 363483694 683418580 480406633 243257115 482901353 511614161 331318385 760103886 606570531 556962784 126932549 810329399 871195079 936476675 160237316 205290587 592204872 811270240 395519634 90460322 45871258 965996738 519742997 25662551 299275062 777403413
33
476150392 978456876 382172314 956922093 266024683 878879923 951772103 209936384 680590689 790141158 477365441 122313383 14923024 605750943 414814995 591201634 881637109 301961249 870900808 759864913 217585741 203443597 892843123 781735867 440836893 494810478 241708712 622448779 135781548 834361646 906072449 86270670 727373828
188
574036894 438186906 813755958 251823220 182210418 571907604 661865626 320001040 214902211 534367510 655441012 482893871 856992907 192126535 879262561 896185324 114685228 263914838 30737061 843449511 414758634 517205107 202194852 816878209 459294572 179086547 632253034 375071971 105417535 140840239 194224164 377052407 490758739 4420165 590568357 96786477 892734076 780497238 612840930 828328632 152234482 216221862 361804406 509288463 245778385 931684864 749665311 116098924 19496090 444768047 687931711 779120720 177278640 796120710 478434908 815017213 26735324 466961753 845136032 42503931 548445386 41048706 803852377 702694292 859997066 578274013 489927034 129056343 536053263 691249612 171402777 928798104 504373171 726366643 879359215 649449198 455194801 564544125 888009691 494781877 314823338 703201813 238990431 643566986 185079585 187453166 858525729 502503634 346523647 884095100 820583276 287353138 184929807 324655033 967993772 689902104 979861379 553207713 402086390 606906673 576035437 369821622 476818813 683372785 676011847 487435388 478089246 864322830 721998700 371116030 768711893 670016261 571616156 341026887 752932934 170078868 953794172 806378986 905292597 290572350 771090196 887966843 134343438 325995467 135009103 787276564 367345246 86548676 6807166 778047697 881327447 321907451 541820886 975255380 187373648 618412801 605249773 345414466 459148355 592234671 245720129 342944963 838737230 119813534 45803441 344271878 312805682 689063854 847450369 632968123 794946007 64754563 958402139 769979287 627961286 664445699 74028233 235071699 290090669 694061529 999453884 618247342 852050399 926703605 300673672 79509734 820421841 156731914 629114085 411936835 444929439 524457487 941555056 182619405 472993669 255001023 597222696 178848656 687263589 983248153 319824113 399189663 233646663 724367072 218212884 624145935 695699925 284476699
3
760507069 576401719 809474267
336
95886230 74488444 554979702 791209933 488471136 130762437 969184429 474773825 271431756 974280560 483572673 262699632 47268208 963948857 606801179 398804922 654020008 398553665 677834023 865078047 15729940 101565067 205051096 402421958 972667029 634140800 833412642 603982714 893271636 618335595 556147839 462436647 825253948 144971774 256941419 198186338 66474107 809004236 595656424 77358047 334049285 406575308 565054971 425082616 942201617 649902044 515461933 500941869 816243098 394473788 402968842 425726110 65085407 370753039 56409765 802934675 244699363 424981982 147419667 823504629 53190893 682339092 640390379 573918674 152390665 227491714 849214157 762157788 170004614 788399325 160339928 979964651 707519863 928678203 928212785 738308471 997432114 612019098 810419075 110528286 61134803 9085529 445461370 978382372 44862906 545021373 111716935 492228846 699027977 157786222 234212895 333611142 821020455 207586807 277395644 224439578 857282367 579990857 285173722 427931261 341964994 786937656 785805755 969686181 449719521 987926781 778914724 617889835 683926547 483250354 279261790 700999374 292113045 795485145 284030134 653631472 231636197 202335190 522328061 108986647 19940935 907593328 983064200 409664110 769553216 569768020 866648113 153791297 192853533 443085714 669578452 257803396 430913389 58324510 46814419 387812173 447541891 154437712 222611347 711934806 931632117 717986148 638945277 662388092 910772768 349285371 379611901 826883138 645369761 259079321 162233862 537921615 749338077 236412965 990792589 626428139 565078906 193568875 154517386 105543302 486281956 534620317 401788410 486847282 595255497 802524110 904770399 14627620 388294301 304809846 485949246 201760055 679986967 167473649 139812512 520940904 655175346 452602624 98794642 889988955 143235629 889330246 702466725 421416149 714134796 543374283 689853294 621335616 234224660 638942845 153582343 794001706 218781650 994068138 543155596 980733126 369194773 845044360 984458143 746609769 865154928 948926126 811517157 850332174 335039929 951707288 978583687 843565267 59704973 451872038 943649202 690234234 533631177 123553565 899133975 338534121 437983762 507998117 55198315 407903402 482628943 843149513 288519912 263777131 291280169 323302394 304918475 720662400 898626706 233374860 339171284 508340060 363631931 504653880 655359177 27495451 604384284 489212825 853557235 519203836 222561776 842645167 165131935 330574559 555516854 552742751 454816414 951782091 822975793 625353712 86078661 898257515 575817577 593876879 5398894 323161483 128302376 641028300 981425909 805933984 261386110 461017115 896773693 628708414 506219582 468878420 666073897 358891935 994947711 624122164 131452706 575916323 651582747 141823450 537661847 580007882 802907955 582441290 91468409 991189692 502615721 319099629 953715387 507617217 322240164 175320335 232117976 842824650 834574864 437658976 401880396 218782566 616663067 343826804 69060378 323177805 634817209 322808131 62815813 706000089 611774753 730385321 178440791 378787976 265830991 983443687 752871133 654229116 689149312 82654496 700758504 945816314 78193848 3310301 883510413 120911087 510942015 505667466 703276390 358516326 689393183 896025079 784615184 897741075 927784104 104845015 199324843 204668619 14715117 742790980 874097757 99478025 491010629 994613561 251600847 611817579
142
41965514 39732247 528932526 103851315 779966173 924169505 371780395 148753864 255741344 203048447 706757756 907875378 953346426 439388991 939750233 20568481 592168343 614618319 288872575 986972390 140247910 398877317 421498160 340694775 581819673 60290199 795766706 315161968 755409448 539873315 904378828 110062349 321341902 652598184 938919756 442304562 340141963 671262603 128315523 77262691 873912736 142861460 508758214 548486091 465672086 979151470 494616303 326758329 601983159 869555242 418345435 933732639 863836307 394312380 461429482 360207890 417505661 563698045 290607234 967696717 475494156 133657767 239289484 472130733 459394715 14390748 671384309 117522870 79647176 257218208 655551535 363346444 314201336 127057114 295009709 255039995 591647186 33362775 627217002 301388017 593753024 857846343 327696227 244171774 257188977 561479614 502050328 359483995 255101018 712164916 949773583 319742944 810001712 736809222 862638673 462679947 975463535 14525683 407536620 650830848 300795862 291071647 955385455 514497540 905748457 877534483 38843249 521243905 489410670 917026875 354151946 267930502 112331504 63913831 817539415 290967492 764141375 234442187 165143291 99964946 464839662 47816958 948231577 706726249 313259732 285918591 677452123 174173160 910220684 990595371 896815726 157894993 475049461 149218760 176189827 443410314 859216050 180407166 848675920 604069150 929611690 80669529
65
498144269 393872826 783411849 342573512 574683128 902194352 692788030 294800673 730219473 118115191 601016443 180007963 446860894 732009000 244956729 553165394 152746984 594183171 285527601 568969926 160226493 553000424 414274147 596707932 82221484 819331295 862009235 822187612 130125964 543707280 291383751 511158001 984291509 598042060 733466314 475965868 212300677 875496706 188041901 333964802 716765916 929288394 231171648 921707977 712259488 904647262 272521117 763023807 246621754 883754012 608593054 187217411 380014871 320667653 528476514 209080986 827035433 296779841 582501580 757673963 673431652 604754329 626721540 459120451 993485889
55
174395388 929851380 321928018 661421630 341899514 600083403 5838509 933797979 207493196 322958718 524420682 573072798 185882186 735702338 911876102 981039248 652749939 569557268 603586338 717040575 838040041 320647985 663433922 513890874 833759730 554199710 805394029 950246424 251864696 243105 661402768 739526897 761104522 615810117 310053627 153863779 514077401 121282267 524729186 466146958 783164476 139606132 469896669 986014873 351511596 924708711 630865256 204629291 14046025 607408593 219974756 928079602 638525395 910848016 730610452
58
509391647 688777265 506124615 480741921 985924584 810587502 769587166 762976535 611997445 363867063 901242879 130291430 675482676 136643806 460157978 708002401 879780790 239019738 675605857 408577218 237013199 53888069 33870925 669427236 302151753 659426012 421673239 471176712 861116146 972798467 926050880 350242257 83726361 429022527 121334026 346746696 161898005 402350265 324696572 333300504 88056510 58643394 947044193 614969682 493849074 382656841 488845770 163960811 962832402 242580583 182780040 718098746 771452034 198466260 250253875 393267322 852745260 612780398
327
668493093 558535758 207325182 608150201 258324992 244509496 529376615 304314202 527590948 391954464 838183646 560993435 767736890 810379475 855733339 16474347 716160684 76075138 490375132 635027035 281933354 354080831 300315618 427339553 590906406 405585283 341090289 525826585 837481305 688501931 854009619 966735167 137565244 713549174 348571222 959842870 434654096 841931657 235523401 502933700 891079894 956068587 119608963 523592531 868400344 515619465 180974620 605739378 762925598 722985139 64918578 483058258 852798842 791435677 170921830 364036938 758399613 800832991 558919516 404313172 213803519 564188918 865635135 825375885 342778523 785678273 342599738 179401401 971076400 51415300 252972032 616567228 490984801 272637928 108924229 734907170 258443798 762692729 495231042 286813080 793703417 954557479 941239093 48600944 578412026 968251973 581509342 678049057 23097804 780683405 321467140 521130437 751498853 841336219 43071726 906196378 974538370 903080301 755472875 236260482 87181088 16719850 772598730 401721474 464454660 470012247 58992482 729644102 641289781 818165987 973118732 169577884 86829180 1920797 526856996 797585908 770866155 813148792 589028491 716040935 463488083 259744206 797820712 809661101 664528076 855467226 736412770 417432741 630489649 709099196 537687976 256721361 809581985 879961209 995786985 64177495 686249216 379490681 748531484 407329025 647295347 235423751 399910074 743274430 563353576 880408021 189446207 615512095 156406156 739817589 584789164 721213147 584173138 895624161 443372040 916391755 802797939 826561267 389384154 345462766 427241448 782257134 991293361 530283750 637593330 585785587 593292188 864638074 132258963 65340557 537281202 7960466 878546962 329915942 278258572 102895678 821017723 337858191 705564870 509907504 397252381 333838460 661575042 347198780 686169610 620324102 777339876 553359327 950499994 325397543 832716695 252305846 301442536 369289025 925911110 397867010 465327955 484585880 604297764 284183595 795302143 233424595 454309989 243163706 398365778 677887359 482681794 70408029 505990775 385940364 953138937 316421734 166588638 590886094 972339019 32761421 353810874 209904509 796922621 718930090 845432450 953525941 317815255 617249339 397335152 679491831 645434792 914354020 962949893 483476134 866660031 915229866 233651843 531642507 83857012 16660279 141866097 576562258 69812637 495573338 976562203 168621323 469265689 159659268 228688144 494473129 873146441 329797707 194440610 335902086 815692177 296392682 916024169 900608221 701058268 854887871 71356864 782565199 79951382 371048781 359573575 67992159 85289391 890318904 566667103 427369462 770242846 554802891 544659633 663997151 251950428 626948213 908975528 73767244 333110629 234587207 669669874 483733327 151709371 993612152 455476739 184705378 431529955 413936097 686621073 28429024 876988133 696532610 819920921 328089225 907119056 858185211 378299737 112909570 247332148 974653204 158000084 689273171 16205990 337659189 44411217 463618407 19911487 223180014 927981916 350945935 938844189 93524593 983649732 715728384 394500833 206365715 788205851 804557648 431298096 253856975 409956153 349290237 682706482 778603202 290043322 833848550 152900374 353218480 499976315 264301775 226259340
84
630010238 266551841 933633762 928553801 949642422 618545810 352381993 325069191 553723654 621233017 344151829 667924354 861716417 131159238 929120762 841374972 921647708 725648172 834892688 432175801 47661298 876476066 403482996 641094916 783296705 402055395 49471653 865217065 247182507 117886446 706056199 281401593 110289334 544672390 936835811 438136137 854826892 561189554 418354021 546436210 264878332 774832190 933638941 492708307 799708279 92601657 880324479 562267979 98468499 567475317 812667491 82804159 178732684 882005003 89001605 384348570 33004734 409051604 609631238 388083528 803263788 675867120 351518953 31433146 932478973 433932099 551970711 923859173 288248825 706327539 136915803 574794818 950856976 68659180 68751079 603545936 252572883 441290076 708240590 66558990 150385401 40757047 322307591 989045633
96
994552284 548059060 528915056 753922612 620438265 90398413 544414025 969871539 863647092 889274563 783855029 215735311 957140625 743155865 664602941 742689373 751317564 224326804 208762444 412333879 735399810 780732609 315196083 92225593 389141270 845070191 90503719 314964869 229203405 430138288 22135486 639743552 753598754 283041245 749831542 572372754 547790259 95605263 700818606 974178986 648245698 512820391 234685099 316560952 72383924 464804038 836999701 949183473 392128662 714932949 721488503 633705871 396627091 599139071 932621506 384135374 160886143 691191730 636837322 754029552 700751 680283682 818416840 193282618 86248607 228198086 516131286 219644533 576956203 963989465 912968822 371490158 366030934 265063386 177645068 984760438 766375334 863107084 151811679 135522786 7343941 578664695 836337180 85698956 664229506 734954725 51606355 492061520 14926926 752737382 901582328 642568080 776192960 259707085 863169123 482295217
108
19116689 759928496 71695824 869206172 409366945 783096427 839702240 220910910 203288432 13223582 278403095 218742024 535927973 84351147 392010332 20882031 271255179 495775033 446329723 826143085 359383951 929106612 587317926 467931646 478998979 722496970 877087472 357022372 564531038 63764975 572439505 721275108 703810362 818248666 770170789 843798471 645282133 732021766 769907245 916569690 706257744 267139378 92773132 699200558 98652915 485753057 604664394 396017624 128147623 86587867 212208853 850695538 967329274 96482986 649712380 941036312 413797919 260842014 359951090 822459245 218728555 918128586 268275025 966538259 661809370 56275076 976982420 887718966 944041095 211655401 44020891 64355074 323171895 542444502 520188203 922888744 25720015 111065840 330585196 599044702 357001177 905965853 491434601 956431836 100869124 322250505 163730579 276311263 993838497 378350498 975600190 462087721 207168295 31041693 368450851 467110783 484600239 538084591 433252829 97443370 318993784 117137236 714760812 683127671 357249636 206731979 130025141 697633079
80
805772410 458138903 83750143 432911935 47319650 143429952 817331831 492732137 124781036 295350288 709146029 401501074 419572361 383646359 234501909 129319706 596310480 608878248 847952263 310584167 721830395 497714009 133715648 747693026 1278055 68136327 958966239 186898936 694629400 207607376 832604648 701233562 501788210 66609046 194983492 407969725 935142017 513073283 239657791 701147 293606898 515429376 279959689 805154161 506876184 497726780 461226422 517060735 80715432 636506155 823705278 745383435 507014653 487755780 991623805 848142238 116196244 956691906 462944564 801176261 836308369 71608485 745742598 111159697 129544249 609047726 32563836 503676696 568841334 563197222 938429698 418421745 749976150 851979031 10656104 840129212 50862476 839459281 980819553 985216664
18
91394030 323519847 825645319 569312683 640621557 482145583 724196693 889651614 161027904 847261254 895183532 398411294 675784465 809115146 106490447 208639324 670316238 322883742
46
254463974 36366478 493886593 46199657 319233023 441357932 924224857 254722455 788867720 954799028 139982375 511732887 32802647 48931238 250958818 40372379 311538850 423203464 806333475 971418395 634132359 160235043 691950506 688479570 470060677 377131076 882314967 8785087 397389825 218968892 58859057 948794790 560147139 795755617 10082531 448750477 696958070 596560011 331142458 878586815 63590443 438254743 713881384 865972172 703248086 221155816
108
351813316 737494535 324016592 374392545 408873672 909727751 355855699 61645676 901887250 385545510 426580738 60207478 647813411 5798661 148252766 128610160 241296035 165642758 702066513 517707984 755852763 650621905 56358055 767873678 735494713 564513744 666336912 970577831 678938320 643402674 622758688 242070942 830885077 498474987 854145744 284798198 729395235 329240115 524945146 560022969 776239032 430021635 452886112 400144372 734470710 226960155 812638117 338099768 233008227 829857791 658070994 496198171 929771945 541342325 360984275 507253941 729118359 753817096 44480504 32406820 605320029 650249352 418568821 620663560 398620756 243602568 953717729 285325063 824179316 993693151 760602299 98438474 928041949 802894888 428329184 136606718 427747407 304715585 3798038 772606933 191586737 395310544 512743557 520368258 846229133 998094777 363452217 327384384 565325458 838832297 203531937 632065868 472237841 953228943 798488339 109407846 153361793 912763933 104845638 762494805 955409404 396629323 850585302 981265504 51679167 409444821 738909891 601742805
38
613501870 650943928 936988146 404681861 379205837 877310905 29328299 232194118 740869320 372209630 79182873 19016304 191252588 732598770 233944269 153816673 915153964 894904837 287426876 351283705 54571165 983978730 330745660 418885662 839063802 215503032 337788811 797712698 328391072 737044810 119383112 204313016 996442771 906612415 535252856 780904074 176829432 517739514
78
391869826 578161574 751385241 152513826 226386355 249099396 793323108 110436388 780059324 744830626 31909100 64121132 296274735 843469824 418654694 46780720 476462597 655652772 880757678 969757797 614180122 915266584 886012352 65859271 578212783 657127911 936516927 81401494 715967208 453633571 70685041 238946003 361049676 511608034 293311552 171919304 231879240 312287164 88412347 242962813 220112044 199592015 474160531 87186499 168457516 564780220 6223262 605176109 759223776 375658023 438698584 554767506 380230596 994222394 493424221 559923853 70354233 833584802 42163184 476690301 228768386 128338833 835795320 174200453 172094024 420297787 355365885 290354189 733445655 294901337 944625071 133115967 401524447 965424553 188119648 382287755 413623155 125251691
35
387752965 930928931 529138957 387697637 660007224 465747328 741864392 150895329 709561 424503003 31724837 934234666 32926440 176501173 154218119 269191954 198864973 725701967 260962743 963443695 111464465 471190066 891166048 551051930 2691970 179846313 36043155 792798446 302019987 440573250 405002309 276975951 271587673 167511889 919589325
100
849274656 843708047 120193389 774443878 251611979 723574803 726303729 6797235 712713918 532162663 994585980 573296438 453379304 896170033 486400882 381909207 202808896 514043067 525044344 216377955 90772670 901744755 184978171 88232715 345854560 595988332 321750442 107513825 709973927 329372636 737175032 12854878 545184279 275543708 998327963 326257375 680919227 258306475 231765008 458455331 524200606 333693099 741199636 866612943 325003603 21895522 291982124 392415210 171874669 792480827 120817438 406661985 452030728 685579459 861133686 842507140 902419519 250313772 864372994 294263431 198151603 508993997 6211415 260926210 271540491 917565343 399705418 521633394 791343982 226550466 635830647 501028790 409134602 931174390 919520957 497492370 24709777 849803299 97498303 252640047 466715575 321806545 698820197 484832921 854766005 918471344 844619353 721270592 474630345 164069394 465861515 421379703 508766132 589145964 900514733 675232760 758522938 663556569 538468280 44402783
191
331445670 224948630 881100390 284133290 147699011 813372551 917998261 757402560 499425508 12244657 330345578 945035494 603665757 94009022 957266571 169633355 71394567 731080828 47581668 551400062 934078016 444565342 508811140 488674290 348930537 53585145 926683453 513802113 894116326 565837704 490366503 981169382 104064929 350265961 482118941 475926849 998865032 468988574 581127998 718365079 925961867 32886093 491511405 817582928 945831582 754562113 951295442 808629431 810425149 211653734 386470487 422168958 772074723 676262480 946080044 839162679 696576658 925601973 388057156 379991004 562504270 822835950 828240086 234933319 912008097 483777403 428436444 483031227 984450585 47695996 352092311 262806361 861353926 944407096 203038985 279237292 481367485 781780378 608083065 809775646 378473623 167504047 773837299 462717568 144963314 473490217 721071814 709694086 65140719 816119007 959603972 689105225 92866994 866690635 553975301 28205251 809243110 425911562 259119332 807258710 203036726 803651680 444016384 857605446 86183637 216228273 149431421 338096442 29892855 243439881 246474433 144663231 48816470 334838677 741357303 244722117 559956654 985581608 803559567 276618784 554622016 139607991 940108220 568566792 421362259 358354909 378148852 161748633 236997294 982073688 61326964 91689556 123683104 552563338 531870394 313078684 95076857 742491641 891020041 212492090 420289166 127383247 751939304 604115674 897249208 31167322 613003171 263391628 879776853 724976525 594905289 550206019 592611270 895840638 376322220 134120537 847559792 546067430 127439588 382126601 600665659 705918628 295044300 886845172 911275798 994076986 528724484 431385245 694766961 385949518 599273197 748035821 41792193 621797675 876551472 866383535 31440895 265092157 751140407 217507349 113048617 161228697 978946995 435374385 569258688 191317106 740282388 89008765 739042377 966993061 680484628
26
681114452 50070220 970110766 870605357 801319542 619320408 350219953 253549854 481088648 885075325 558892018 145549930 633707666 702720976 76424797 958690264 293853823 411729515 13916287 956884724 488913312 255019626 840176266 746800013 102452522 53757807
157
881817813 769037877 296651443 348711454 428767834 463275716 33529017 361879714 365808951 929124053 324304667 714741030 497375021 606995016 496368030 587136093 983056420 906317758 790282345 21282811 972808357 353180960 225415817 664385850 832370782 714691097 407492718 378059094 242171042 572428951 845445740 73475089 168259815 840974158 258697531 269610032 212202310 96073269 980177016 494810619 437788926 284893958 355542306 990769089 893665520 887867330 990194717 552996434 630912036 957347627 700009650 628977539 865922116 465545545 937976589 749653166 781028892 757517286 176875198 240675631 1284128 789655826 885456697 366585064 328120550 591370655 852511318 271810238 72408487 814374821 757055185 966465305 253253315 600821504 21824203 733510248 332496442 636284365 349059655 95347611 915216947 953359601 870355886 926278823 383037305 132435090 94595147 918728966 665637880 317438107 402748112 849839668 743953221 640104765 287697872 141174323 692739860 773217641 156024386 442686984 345987007 169168726 563749380 239207995 258077382 231234305 708006486 437775707 953405257 948649128 86376539 401165432 914726032 482505038 699391900 146839463 457305220 611578683 665327748 675265666 964026931 560647801 989944036 409270437 28283983 620562776 548891761 241398322 654129072 93313258 248486721 752939086 624048078 659404168 550423122 432640418 540107591 1424715 824689155 893815002 142333535 416317587 22076057 122242345 194352507 225916548 454153916 312623812 24997 835686276 300934135 130367330 6693131 647660991 524908859 931466435 347503488
99
582687651 866490204 762867494 410570490 177634404 139872659 873275857 12154386 387055737 788236794 467850124 589891207 950423069 51351059 960386854 900709819 144987599 486300994 703890927 531938612 587575506 519870798 547891260 29672221 913385390 738216164 467546599 248384706 302995117 587992596 931695308 798395160 638670943 954764498 904254797 179521842 806955030 364030326 504216783 779241165 563951211 395535164 410490939 125289669 552239031 575853253 518318206 361882013 23597723 78390933 123712777 40915964 643247737 610027411 865003601 619552043 953476600 663623563 786733648 557759896 685845379 881620399 114452226 286328661 151872971 333606674 21367018 728082585 238942785 226268460 733004682 213518910 476866461 963521113 365253102 525608513 132035162 463216218 180310306 945067078 539746103 410803922 922322103 373419026 955358135 528841 242187075 866540559 375456930 389458989 711444701 960794059 875414146 41520717 817671589 872501369 482198567 740579420 374198330
41
425611118 386537763 36148468 703561794 9564837 944645199 992473488 174782182 427520828 282300484 718266640 990200658 126080501 87134179 93159481 486860090 929423798 972661966 362837043 261102928 734183945 347810796 6425865 770892239 569193885 290850281 420220972 124313843 749391043 525996467 374528241 686583166 604866033 21938430 801287950 184017205 215222851 323964097 66755361 82446689 819040757
13
515245495 15659305 20683599 712409322 786123488 161611019 995240144 37266728 339537917 370542862 408780474 250129754 774946327
76
215601759 888155493 373512524 609272 759076750 885967662 928153715 757908656 92498191 537411319 753822307 389146642 235094458 816053413 954332502 665460020 951762764 702123425 399225516 447273203 572110564 449498968 557589349 87652972 551901062 961490875 524028073 510792580 5832860 68900800 415503424 960544610 405671023 632129503 652425499 604291311 440578738 400270485 229139401 684291421 402680568 276119268 657160450 811993757 244473657 886403793 192253472 149142503 78963281 216672741 498304929 388109366 446772865 625963949 302695847 62607049 479912940 994106938 325698168 935311268 586670875 230782626 912440062 908157965 859699578 230240125 70469959 891195663 375515097 714414952 13591814 236384250 347667691 322908037 803215888 448897249
262
58686410 397836282 19909344 947059994 832370801 265764461 12254997 134790082 578274369 7962767 559532015 554997303 908700797 985553550 708366549 847719068 728589517 619864992 217430993 615163992 252977087 291329663 457603090 121680023 321555777 1576936 839413865 542799047 576346409 945035547 545050061 669184285 561288621 675844702 627801047 947654414 403866603 371536762 893280070 999477206 894680163 712971836 692789885 207995636 734109047 97800949 453259776 834983596 605967858 426275067 814437115 264290948 229186942 107313958 486331835 251548615 59356972 900573268 348635698 188008965 327187952 182233061 953616503 163686801 254182179 472771135 86594372 78200833 34484991 590200651 407973494 865274546 835912487 599654646 513339281 316123458 847762204 425159089 111069242 638620180 739978952 385602802 908714170 596518607 533372151 891574705 546787458 267638495 195638745 616904428 672514721 379839987 366348674 477154339 541653072 375292029 365383787 426260444 965294951 120159285 290343918 213084192 569053925 502985367 329031885 135561468 969391467 681959776 342266283 819524865 619648961 167511317 928748945 847625157 698671953 972442491 538397291 295749728 883628711 182630432 995501449 336840176 984253431 817476305 929402399 76247573 678162839 589955618 631700421 832264053 181744768 795393002 802867959 932856377 528206033 347024323 500183445 221414543 956392524 82365838 127981925 789438246 556837079 448348653 370942092 957115829 970701565 80812232 542720537 222996852 571151467 595693513 465407610 214870432 338265715 565490911 795008517 974753788 318331532 612511423 822588785 473776971 366500047 672517470 315141722 209821143 557968508 822719096 464870848 795472877 531844211 400578573 695021704 995098207 448123324 199767262 726081018 472791296 186027519 394898164 166694465 479464235 725507085 496882714 268964078 671186493 984279637 39961694 881969014 143734806 976310639 497327252 546931631 514964893 737428629 858116307 163316823 653274425 864296997 376519414 315287949 762371416 835157537 773367068 339539798 666557163 884790446 301925928 227587609 796871144 30345880 831321665 335788835 662869447 584366029 833808723 166629669 714769414 175858654 333237645 602800817 943882918 355099777 349756897 342730944 502857899 699809297 46808200 800814382 407380127 353318924 698744699 985020732 382352655 63858580 786390779 894096910 44509965 401934319 886148105 168231723 505082028 80066823 855102190 141183744 139682184 84012523 759239605 326499677 946522939 443834188 915631788 925085174 807803369 581158401 760322279 798433507 947815605 228904323 64225981 951626016 128486985
236
749407858 443762761 277049102 90145619 562767118 412867050 976544496 168770818 761411518 199504579 763393903 911925645 473076109 413872956 503924247 257290412 334897832 899790719 587156952 116458013 901370593 659194876 816037253 129279520 477562415 282578405 562789976 105568764 636990252 911058354 948621932 599694456 321268117 587417503 483189570 848933474 858948302 818445865 98822717 462780172 678610012 504041109 31516454 779045578 778947688 714821993 469679784 101530997 897742403 747244273 864859861 907173611 781619932 285111227 823881119 170613644 648253772 652162331 661112672 776449214 360857931 470835112 116429138 189031275 301001655 12527549 636268056 910486654 367052052 729524729 700711476 27663210 362706439 897059263 232237710 921165474 60188634 751855031 33186035 179792418 849642748 356886603 442619540 205730789 851859838 487507499 981305475 206189164 533670294 488829130 290001465 812933438 72631328 354517726 905769491 333860194 454424344 651180772 870746576 172143078 200093729 483382681 230008597 113144924 567023873 109421698 317195753 979845976 837967906 97599589 153100089 232772339 174652691 325749710 304466261 988055883 2981637 810495883 462153841 859458816 882466127 851138352 518678821 369608121 512456683 388632468 736111342 333806749 814682102 925627730 245248683 383157979 23030324 326586185 854200096 709588514 383586185 101661981 97296246 638939433 802041729 111499700 531253177 47741480 575593161 348736953 161191769 994854749 227336627 971434012 16069034 833428873 613096630 923426959 989086819 834954864 165155052 453835787 4365347 825507165 403816595 859831113 221296871 72036763 364603789 389807946 602396822 879711485 294982111 732128720 708579189 818956375 188054069 341336546 668176051 140140034 904416349 697927244 550519519 451209820 953039816 119413788 944251500 656206406 350928908 820273958 986617396 785729444 342689636 893213313 847702002 320352737 40809262 355553033 552115398 746859624 990942828 321870299 741367221 920976684 428693060 106948827 126287399 881976097 746278016 297156913 76517991 812100800 288564751 589174727 815532583 227874951 938350466 2752973 818526969 841130871 784245136 904078134 30249175 445416340 380843922 332150584 812978331 284235369 967630855 134579408 826757768 358322049 766670609 809309500 407373503 656638191 487833847 515406463 19091403 25464263
78
548563617 645811168 436607254 913879714 42197023 915710059 577251697 900141598 344147235 426935150 988293520 788089692 301388162 373502206 544643724 782325889 590640566 259588720 548759135 605382965 697955679 34389216 122688107 319571239 829055421 909426605 722501108 53386886 476417080 603049722 927520417 693278857 689225433 371733551 560091903 672801769 760914638 279102583 11043070 240252258 539436778 367874368 468914290 253680182 886991394 96557245 332790675 102728873 966007313 759910503 810381181 978729094 973442421 89577848 816256177 115089816 904372911 371287919 130908562 848033842 855152199 227235471 119693545 869452712 949778790 776547935 115852898 624016596 50105947 524297771 474964749 65652370 698373399 304212865 758694877 322434115 979663792 999595702
2
309862444 996197966
100
26122977 268040031 30851125 444544667 261128841 418967256 348870553 409404182 271442472 158301888 311186907 244102706 516488037 611541371 194879204 923365731 365147274 317767343 578581887 779600803 233708294 285198791 52521950 335514094 816381930 627059315 262983699 631720389 191363181 184818982 776408216 120661935 700558952 490854807 527486152 57230772 711218907 526681408 283620195 816255456 818286182 344091106 66392846 928996550 254961105 985290239 87463121 734202362 415068804 405316959 948669079 769927830 106652943 223230348 923703729 855270326 921212836 830074965 519708500 93191420 721877144 74011215 189866262 264351500 669056230 403913039 686847349 263663121 583681195 137423089 81104464 93786167 50854315 869165333 422302572 346349103 752782283 842516060 702140144 705448878 768666005 600591023 736932329 36871149 909974711 595514809 703768263 593677866 659417732 181040488 279688670 632305190 88740465 886404208 20160998 662042278 455155865 846266055 631153788 757879283
117
580837434 15181354 505248927 331308121 498878518 453981847 617479987 1246379 970350995 276864209 692823937 160217277 935625723 736562912 634796981 425909737 563231293 86383246 34818911 505462155 923495114 85786090 507113459 395152261 404023353 413016009 780031305 94658236 886212035 343341632 84147741 938369944 920247751 497515819 755861136 61023368 485982279 893719722 670341797 54658684 101096810 262264735 486196933 785389929 362088952 956554801 562289723 544137417 942999009 915778123 473853881 123765784 1186998 150241821 334212050 113176408 806268974 638233754 605242237 951217550 313552035 901207545 736516248 623567171 405470610 73523765 12758115 284504835 559634975 511566733 750671361 392440801 992738702 175233284 557163771 166142450 136057291 950952162 279472572 366544077 312349667 967237937 624568853 909463057 639803529 435294785 106920891 834546143 47312018 49859876 846228164 419433308 459960185 378719282 7202350 879418161 90388956 603575175 934085721 389485067 755680765 655070080 241102215 170055963 36736578 116214594 757912675 111977622 63700917 785359155 119887479 895904822 973260420 608864127 5824692 52097463 519106690
230
526370964 695392238 829101915 293611428 10916774 86989662 537115239 226759814 398388012 684211998 788213156 869108452 642982753 950667952 991329758 674579489 987010756 328284024 892120168 159903171 78170264 626507581 869167511 808931316 92124005 605890220 857045826 250761219 664031093 862256597 124707657 530768097 750634840 158215852 979571211 263220645 879279712 37729161 167637230 825720328 33077542 230670761 303272666 510566122 471323651 278945706 599161022 180101835 653648279 810069011 365685258 527961170 292023110 922044874 452812596 10379466 443239862 447555227 417604659 791631520 530333011 353935288 894421767 577852391 825961675 238821940 616606767 741809876 274927507 98493319 270991153 695212097 595748959 39666189 16269077 459042862 559827373 85164935 83416810 191147068 829892156 706259864 986765888 278339120 560051085 333654089 904473005 751199862 411709033 383067781 722896201 547041435 900515674 677006494 152014641 421615058 542429488 620256454 40162823 55273841 488517501 96040343 924443504 988839281 976963354 972007052 22458005 867265776 102647456 483252357 630916259 699506354 612161264 870863943 221798731 478025628 171684268 919251194 429295426 170467129 715753915 752500393 990587074 457212981 523191241 871906501 544209416 918164708 92223172 104909475 44502996 229915580 275306080 623311353 539362284 505770454 774782868 819554661 438221720 308936049 558677275 30122214 73220135 862673007 454482420 212357729 280133994 936199383 46485475 260755997 387296820 418360657 803838445 288496967 726493408 838988717 991553760 581250671 701214666 4459868 745101257 840670729 689354708 81214965 912404091 731108589 641133283 618943922 617210383 788755160 165378144 340007408 206922590 422559465 381922744 616678323 430744969 166742052 375842524 778244127 985584754 653067251 141549250 721928448 829553984 444789919 993099234 700210499 599610079 250926043 874981049 599333755 509418622 865534266 84620361 573463645 652540943 987662516 101050007 151171396 691611850 974514982 910674220 251884206 74281898 802113230 845762965 742675644 900376558 902743506 428827108 731708854 949340058 813063354 315811116 936231557 726540275 321564402 371057160 817257784 431887879 918724938 516586773 570796415 617179939 3522677 927435635 17606451 748181338 274864013
45
691171656 352164044 697760773 312544397 107369533 873440233 575271998 78065878 666838527 490320332 562108771 339615147 53369535 441506779 413325721 489186996 569790387 959302176 847733831 739678335 23736723 124741578 384472727 156621562 964202268 766333354 474004472 368621563 100986256 582125751 122816158 768884664 421654324 901165706 37104129 413590351 307137489 878000099 235838298 636366656 147373876 850449186 233244713 406564845 677726127
21
715205326 272079025 740798497 938735253 998864914 931215994 205809542 572246721 12694843 73340623 812091181 646561552 910298683 436134206 676794378 637582050 835558185 366459419 324837238 905195677 138276031
118
635645692 1160620 10651690 981247707 296929086 668625996 471828854 176954110 427969151 767095002 333223667 408577744 304161570 422118207 713251348 27077786 579174094 545865287 824346068 941324746 887027439 822350882 969490736 308501363 263854900 854470884 656742824 882577610 532581391 78075654 649177026 141511594 447761208 175404002 433401223 967416081 168326698 490565690 102155524 120192417 363799717 452345009 604529867 561820192 796001578 142511696 444142191 862246392 798621058 926481667 967027979 213658552 4034360 714938394 265082300 672408465 189571610 170073801 437345314 45710809 166744252 895132840 311035108 319373707 695172340 360934963 948806185 842894022 258518111 329899338 355936799 459474762 363040475 515521971 477495159 552957182 316985611 663953811 811682279 23086188 910003927 952725497 153219239 50069315 80621033 467141971 988253941 127117524 724942896 634018295 742560913 256604822 489499745 127776412 784308801 631627427 180348529 201318622 737428558 257418296 226949660 912017341 226771717 629422649 934548322 166305822 675387704 355181994 289073924 97535305 815464635 936078903 508533003 824273769 640137447 710116013 773792578 961390095
13
355892505 875272575 650009527 808157872 81528628 384029506 721498430 555971362 604373019 127642417 874675182 355645987 424132664
230
762234281 209787297 66491858 106131960 284602542 595796088 48353332 256957005 726413413 375927637 871279536 154661674 214863256 682820704 118566291 481431563 888262709 718034819 278847630 708218986 432220111 710368494 567028531 88519755 563386396 898498451 940359291 255024817 481721205 357497771 633759299 669437478 751313753 602472751 391708617 370538295 345021674 144164959 375209524 626069238 289779566 67587135 519596298 296749431 772075215 80764693 287141560 599261779 655230492 934709485 561858318 243448616 618031110 665047573 182680000 59996182 740731747 547794337 125508326 739023427 392241071 234964968 13366652 210717273 49746822 519579909 978863587 37139715 345628971 29159255 572687966 866435955 58812165 720404993 973179286 808060383 343997980 882927466 393600279 888011775 778401440 102250431 485903825 698224017 482626659 535956332 164866711 463936214 312315738 944923559 54291107 668655890 256181279 47884005 149181456 2818319 195116146 737658211 535480927 656401306 577327027 433285534 794102515 31153669 318479210 50727131 828434325 552668836 296890816 694575520 664168176 284862288 818938883 826359865 872268054 977721319 43502886 513549108 96100857 376857801 187743806 127239141 648470003 727204189 438103814 81047267 374974015 995924618 895727708 370222217 727964029 427456830 425928898 735264630 623518770 65860843 614671582 890402573 410193221 508324357 222435322 808001014 312137859 644813445 921002628 855977627 220867357 187402857 191274639 426815404 367289381 67572273 841087569 647159963 744128276 770055012 916060835 871566369 424212551 274668297 121571716 65779383 917642621 780766255 3069590 239591198 504507483 364624997 320686496 220691160 68255464 74410050 959197450 844782764 232149521 210779614 999866468 356490022 906824230 595748183 276151007 764659988 698237787 295008590 142343634 515834378 972874312 19819367 288746806 567463135 66351210 966156492 427873323 602985518 996854944 619110571 580679025 496027862 410257326 818741939 941263344 387546747 984917693 163261339 361917744 258848258 830658009 627810716 46640097 367326745 758486642 377064690 19504213 730689964 546687452 997408350 683929857 325785713 256462287 553406887 132463872 10875230 151058151 680074260 411817104 462586669 734511396 484158708 762120082 663401183
57
706494572 290663446 834835470 689308214 650765572 223701073 773708973 862130233 509599259 419212285 749665597 965209524 644485184 814958968 705342769 223924661 545353702 643489699 583524382 649830416 193577959 926792803 548500544 137317340 451486206 850877728 204535539 963688436 498584907 838132552 560823097 173771127 550729427 44242125 446769723 704068169 942182398 792131747 155703744 444233104 541159191 656091459 15259831 780494903 977324496 424467755 30121907 954453870 490353595 17158492 403509098 918464296 838882514 972122587 988908342 564468379 128223216
63
13090864 113727892 380443332 680621397 30922730 556360871 542443745 576812837 173469976 811966133 376301300 607685098 540171473 207932585 317671495 433329422 262026670 519201936 576513507 58812770 785246795 346937372 568752919 382354330 430360521 480478500 580165623 985244367 437541967 395321378 24571354 845822715 978692484 36701875 887906780 48834944 725471511 324402715 145732442 647895970 591912760 657936318 739235448 635262216 561523996 611057064 106861726 983039039 598260604 412482822 605625591 329356087 559147798 483703467 779516657 122427332 795847467 74260364 191789247 47336990 708986367 953936708 403956186
56
348839777 47022941 870402705 159586172 7812110 645236497 711787477 737509667 631984264 487674731 122536342 836673812 568497560 379831746 675423998 944166102 322642154 214586607 302440027 763431859 49025422 603311566 707442592 697957178 645700216 325409729 251207907 294446527 944349439 405709100 694107357 556885210 977882978 982719994 806344045 281664484 35072830 55925782 191162389 520429181 3647513 926868467 607266939 764434185 98966491 814936325 98305258 608078638 261991759 617423430 153439438 259378263 801148071 382747314 288166204 376715828
15
593110005 908153803 790086503 35088184 788651955 766433301 134249772 963630362 274270012 215081371 636083079 612377940 477369680 136034921 261698332
1
967989159
24
475856020 618609935 364845231 114322069 948193296 646056229 528598956 545425382 340952495 487119297 983586976 627248932 713601218 718549506 696373181 2961950 190758014 503223689 124111706 220747113 147826809 490139387 399575153 63456986
49
167973681 10932864 864775968 630849549 527475333 904798791 733819689 986751713 211207226 429616384 667054193 673288186 133447799 933301856 823006596 413590334 776472137 291145633 690095119 884783192 127209504 10063871 629716837 896559417 325703248 964294972 912085756 356211857 794205073 787466780 767961837 525230170 81214848 619763946 621650551 584965198 663756060 812380658 54604412 536829548 627605833 268199428 162737154 73496951 245592400 555211000 261540019 857456503 589522269
587
435123748 975571805 684254774 707965696 557975784 63772787 42434499 700702637 780603170 716213387 978173683 255839548 860256698 768104670 878378459 631027817 765664024 14302156 222096471 548012373 422564776 527123797 440392327 771902979 118001245 205934496 506547020 420530396 185588524 708182392 463203535 11943211 702174604 709094602 772194043 378763170 117594877 122937640 189664766 814488276 271720317 306890825 272290508 341870520 539875860 851029638 434305948 179069997 913581386 609518943 166110313 180629360 863746476 286648308 436319602 69224103 149171275 918291853 273504698 855668058 756613948 537453075 568387464 504311796 778746905 692212372 775090921 112548422 591338622 308053443 638144041 972789765 509958797 791257205 682719326 203599175 940603242 221895717 817320925 523643146 80327616 726706544 188318402 757747118 540244539 214475930 183639405 870452085 695750156 192722440 603678464 492420874 24109416 468468932 306735586 822629879 323684361 69727485 409338942 19821869 456374699 181411971 732673669 347558272 238875280 928527695 984434664 324145705 937666557 406955513 940274911 499211074 500357819 693655104 163877284 730894925 370283415 874355078 82085049 548355758 61335010 105009489 44365150 487486508 52354545 677403596 723737627 769844596 214149534 746503235 990665533 350279318 322424517 874283435 694816592 182921094 870989768 137421591 292282282 705164956 351817740 855779908 971782880 857946901 998089850 410830350 88440655 935028111 385220095 491703033 355367828 650070673 463324684 428456361 896672532 949577985 744090390 321518442 529485941 734360748 989492503 972090025 796212771 786408129 519692811 702011768 362247884 539856470 156511348 137207822 263458788 991184610 930825687 2637125 430860322 815911105 258682173 426652442 839627265 487874996 118775731 593555249 130549824 431912798 431532234 679725391 322348643 351950792 174084887 516941790 796669743 515988957 422887092 358011500 72017714 469229551 777794493 151517740 920573752 402113072 140387028 624901747 591945943 966351162 915497374 284807996 540108004 633606280 903879492 251121573 803189756 757686522 490685683 904318064 527341821 877179221 903679580 314419843 11306889 618330305 210134069 591833448 37002378 918685001 284267701 698612174 76025000 588368478 940832796 866676742 456787669 260597589 952150825 46471814 25095874 958672356 125724578 902972522 583683943 681293481 33657040 762215406 794769791 333379491 56732160 205370101 607314953 762150583 903914243 976892805 888934088 199801388 451625134 454647369 383708868 641888047 392827227 581290766 605592776 671130704 408598375 705730886 992081889 724875779 47395762 523814536 569123301 761891617 500278818 273691405 27279338 200922468 603058720 684320821 615270602 361681390 31593241 280523008 973299110 873342914 747376894 450569878 517268064 892881994 160568004 332676800 579968543 418892752 454381797 213373036 965190095 803177476 216523742 306057260 930749598 341656188 81975983 81215671 410174593 139765551 379915614 372195687 245485741 96062714 671886708 368545466 444435998 656472603 113747070 760559826 473335315 156975801 340285069 634498037 368139407 919425369 274586294 214744845 604606682 247456618 808357267 42889256 654190079 273441211 95436737 502824697 330724172 481676543 628934240 822103381 604313300 708155472 746176918 482848184 845741040 418448297 193111308 157557694 309744569 537881195 599318127 639048362 140230544 997982681 942802928 172474850 743487383 315046300 118296773 75130224 51020598 243748927 62071206 814136963 93826966 648069555 142955856 977227756 785141289 394408909 88855302 350441634 64866592 628830915 558722315 487706174 507782131 73555891 581628713 185480063 79580125 845221661 291334445 101816520 375484510 580093283 620374376 714020509 260003255 724600144 691685680 160489514 472967025 397502606 250797405 254735804 811533015 507225646 367737036 796266821 276787575 952734501 144964831 103251676 836320164 61913801 260478971 221980475 835767031 836213080 218247689 732185151 258725578 235863153 453286647 507058028 793328315 942179224 226244916 899345511 323229488 925289142 15724598 454523257 513710029 550718104 832405240 535230483 611099647 597978987 731151476 225788228 643572084 778445126 764480045 85667397 331442849 679193761 284297897 222371566 273042747 587365078 123001327 123224126 100531390 229800615 788294157 186187990 410676457 185580727 197470100 366025598 7205440 51788815 846762522 890470304 766427785 23541403 918220471 491853256 857936720 820883883 240796808 174748202 690284643 68877427 403930416 159154972 196622421 297060491 38078290 767979415 784942335 883466351 619420952 270016954 637743611 71344127 44357295 242573127 856041768 780230401 172561096 647491108 859685161 710795162 335803673 634398428 98292709 222685401 77251290 640797468 504628488 13475117 827368777 214348342 806823041 259628265 419067430 962462625 332969730 285265095 521383991 592488310 23330948 938950242 18392006 854204149 173992640 920420538 966410014 483435774 828228534 950342836 788112145 685283481 14991914 29294488 338859381 13275503 341553186 547212177 736374178 55417422 900737385 216750640 884389110 820723112 116102672 396821738 32457553 928086548 21357800 458668437 141242777 982316236 794269704 176038639 870856247 297484334 210067277 83658007 27214233 642825276 41025237 267974162 910481582 302416155 620802947 784173639 301284205 368612759 607069567 896919300 695617870 806517662 662591667 888314615 998346703 305203393 597865295 296368309 121825008 269498038 624457797 236224310 668031927 320980952 442213837 500672599 297954478 71608229 171624931 960428375 125115488 93869887 867792068 156822362 273019359 906044396 380651381 473084393 992368961 4117911 320071228 712802160 838379550 149583180 954025764 119152063 909035028 956968895 119984254 439889034 472067907 312158662 55566171
24
124168681 195882706 39012570 768412179 704085208 438660968 807415195 193254080 319120824 159168947 826488905 19806147 761172172 127470309 466407755 200363071 425978045 225758001 729308076 299596441 196498199 875398739 308856729 962052862
164
592474826 980877317 582828260 338102237 799224489 150523019 285815172 726787177 813244398 829824808 758798355 554304280 318122676 534666918 751557710 266794022 193476220 267121619 485356953 286365203 520491689 186713086 432507769 810392609 556901636 117699454 702608919 698733271 425177144 210741803 965561540 355080832 863760983 986407395 450420335 642583469 277104467 47923975 850446897 558086575 967401862 845641979 917895618 670333214 6273067 712765097 503130112 347478101 998573538 35662079 726936431 288447987 527389488 61030252 502561460 362552155 396585724 73810023 634811161 548351797 544759060 871670248 321882893 575703019 645313190 583620077 257641633 757158957 477429959 568215287 223310859 449131373 357175023 131757194 214869031 220022372 698891643 260146608 381521137 774626187 36680746 543470455 622318092 588213155 142881441 169214830 884354366 503083054 513122023 691486764 66335985 813949427 257212393 78151626 523800756 413393277 417416695 854192739 540139960 236030365 785585477 939933339 831418708 513401828 881590891 243646997 252185474 32627498 50506982 721334780 199193951 358205962 54939029 291563899 349890991 982886243 634252092 722598469 426051414 967878360 260128004 111548174 632450016 723362641 572074233 708435471 235171834 781790072 292288139 585903494 202056694 93260349 837728526 6942772 945669708 46574931 857313850 942130141 112212499 757505456 179156651 679063499 102868876 95998993 958815329 420190540 27830424 574475635 74744642 374329391 665935676 776677787 956684180 341255499 18449956 83315600 308811395 733884153 36461342 596902939 324241057 116364181 348648859 473720398
26
832804448 183091712 701216561 370152954 115870362 771439137 275498523 12090935 23658250 900919135 116726199 839552480 316446928 465330985 331452679 983825428 282414833 918977390 93380401 993096375 576752853 210951461 756066303 552904942 238824136 298584263
71
27444832 868945831 414304889 759156432 195464421 878440975 940964733 689164865 855115333 683242521 477800397 163342625 921385945 766094590 722587716 400123127 763936800 155063224 467096354 176070994 546242365 589656453 388702348 221716034 233851764 643434090 662767881 976985820 804733872 209926574 402800134 245174713 946035712 966508122 390813267 93781367 856662550 85337536 275425444 407503671 881119175 812792305 429272594 505116445 686004109 669967941 472613015 827433172 304353544 665742295 19470741 794760199 610335608 577812999 817954896 462673129 204229189 871706870 615532143 717039278 919854456 464003085 172884095 803974671 357909055 177199222 403922544 791316938 345186157 543885729 311429654
18
607971616 834894839 320556481 671550889 142743638 858328440 693398605 747185221 321311540 952001710 697565823 81300075 355246473 246494202 220974040 16286846 816334757 3903460
35
869000346 878673735 45134557 337115029 308361293 824328818 513814026 457767260 802494522 615716623 184271882 854613290 707419123 886725650 604010558 670862101 191573961 157967058 545288971 828143065 273286996 768907662 841080409 896749906 580969456 786276323 917845527 626155779 186715962 800498519 561215669 239422098 483755414 192392146 90869672
239
724659785 512863916 403619872 75967465 965502871 442994663 664634480 837945974 805406093 725784309 697969879 857039056 78790498 497927754 957936590 976980348 531878128 478911388 29219504 15583874 156924212 537339496 115072573 921802225 824995025 933828204 277348122 158784601 370398350 559681067 643234383 964650831 596541907 574794604 678559687 840818668 272139568 928465339 366119123 413744975 256036055 633920743 368988840 44080406 45898013 872091010 868802780 487739369 6013693 683561829 160286189 371789296 342163092 509770793 817284538 651962711 257396646 523832238 451287048 788263121 479345688 962130584 552964862 952058898 706593396 233970381 712931241 245703764 405903976 494023672 337332345 327019219 374361415 324420105 923081154 925939537 897417862 779315635 115046460 943494803 847092800 95468781 140133764 419670753 414146995 105910130 530429593 179664010 437528001 817846081 580910687 880805470 942715248 371268893 363535391 37828146 720692842 127053069 417060869 722185056 633421182 153382109 281713057 955053892 359740189 721043100 271888999 540473280 799951326 386867996 970674223 723252152 391211258 503864950 808700853 649107863 105665232 747782275 399389466 870076361 198678882 418264419 670089313 83944767 860573911 567264762 160191475 772106734 450348023 142374510 655176988 674121040 599630514 495714475 329268875 549204705 912901273 95954143 955554006 350671523 561294179 491742206 37818612 229381530 232776554 419430463 719259841 881116753 896478763 638734237 779318653 948291412 533280970 25910358 69678157 305873332 8433291 229483376 332271289 24012678 856082266 935049007 122572588 439167076 186290756 749756832 121683320 4202986 958606332 18179858 124500815 542481466 708661079 934641304 738965194 643433081 905060304 817342088 238378214 228597583 486614021 990701822 584220675 830695275 518786616 21358170 539000931 199914493 815304911 971900349 991758001 571621691 855888596 442085777 437900919 357842652 654908533 509877246 771161766 683813024 976321925 266803573 367577618 273811142 384028153 907010857 250877428 237861011 678861421 250604945 327430758 932946130 192835229 494610152 546652394 447922767 767204844 280971181 752043748 718903387 531549664 516208420 307479067 926319435 822147235 686443474 300242236 793777913 635404676 75561988 562586711 956041025 191692660 137655881 524514656 136272517 882130826 686213620 777171631
180
380729898 707350911 73963419 113497473 415798553 261650995 951680411 710018164 648533055 614315046 665720977 894646287 764464909 362701311 767901666 429240120 843842552 186997001 682626100 716079548 588745466 865002417 817127923 115446474 393593871 887631370 993758157 628543864 505107385 860355657 1308982 736538941 13132157 805153096 357781733 994462837 148781668 135625479 381079381 258626785 629530491 591797543 725139781 309894692 46905939 610202477 829094968 807848519 731652993 82970693 136183542 436269621 768357663 461316924 884603913 506600000 413642058 306850181 985091137 309410970 520068770 527543926 214444337 490574813 133868749 463029256 585285039 656130436 292179699 7125338 219453528 845179503 889304643 460678957 131912713 251081059 488346733 572019305 499736679 779090824 256382503 864013464 338763352 399039209 205587369 51726950 279982216 793450231 39593264 670996007 520091622 336473863 411245950 728241233 205772836 337068751 975874136 778208253 823749690 461745389 793374471 318727018 894996195 770021216 456574680 61895802 845603614 221584909 239268764 193477940 591420590 372768571 150728233 680728128 553062043 215776791 601850582 665018734 620326831 109595441 274507779 119332911 120101114 815619325 34616463 471657498 14618191 398121044 582781536 446475625 834822340 454045936 365668575 267255673 350568758 100139507 190130041 146657102 822632643 362956384 429953055 406564364 546709326 32243105 365642694 986330495 671655422 69283328 267131624 122586260 605027263 458869037 702584834 823393758 845673407 357559998 561860116 551624210 871122930 253075114 778365220 394524299 171282319 430236622 827465915 954998215 38377361 317227112 22837862 220982759 904616760 569739423 247899190 646080819 348906117 78796024 63123777 822952596 308488897 684944610
39
804592159 954176025 213073142 372305708 449500013 629188978 311310452 430519433 757982285 39403128 660556622 46286355 304420580 77555107 792942299 998266821 985578715 867516050 13446709 686459136 140260319 561073287 688634557 742874887 444891682 934648552 6698133 800569219 497538263 736157120 117551396 559213311 649956025 479056955 731622806 290609516 632642181 268261677 981608794
30
992821407 934462843 649346444 4672162 506019022 809788385 888962802 447833830 362861847 369410432 239991324 362463073 85931002 795014693 39153517 45284242 279325145 843179041 644123500 833323453 167590783 928577738 371270977 88335720 989527190 688334584 407215932 83439070 240701999 760136072
5
193941327 901572271 420446527 736979933 691478927
50
248164910 141087004 7816794 175638710 218199026 931065860 548429033 395840676 3787093 638770582 611032951 786635481 803941368 664746326 297794677 724316925 151753789 580558637 252803929 94438745 699706316 629390824 887002395 829530459 213689871 599635892 874061496 507975702 871635125 640684200 104584115 246744767 303807539 970808636 341798543 916397873 681136702 788242634 893463382 158250602 299178578 544082452 537120789 726501132 956267566 409329597 983083869 359857117 263831126 844682446
55
816569540 698029127 776674448 7306035 127355746 380279001 59151975 261042748 247455829 846492612 93621675 998818077 671457597 416063326 192692463 941299566 180090560 657447587 456100362 904097195 272609543 387355055 55385751 882903988 901439039 166556229 415896181 65601871 385769754 854234699 379621447 980225697 37019467 550751819 377918452 836594361 258297869 101671412 779243304 738315782 987306653 406666904 11019218 496331995 446184124 934261163 671839908 679528434 743379758 945555274 159448982 222712038 127076413 347468977 625769572
126
924605111 495223862 85666500 357508363 637597258 830095338 767526023 102058064 710967015 156265775 324771238 342528569 945899193 597966173 680787182 510093457 415410513 967775698 467805906 760005480 783237668 714570862 848775143 47700369 650793736 429963800 863995752 731405603 480210619 168598327 40295858 85736953 363379036 278073913 498321609 430885938 719781104 15634959 213516498 37227185 158137822 476424367 789984919 213678494 331698548 701806993 794967558 430769891 651533920 427166259 308056242 593630895 22366519 367598741 284833873 459087351 337907953 771636670 351239996 396633328 388184427 179895349 600781042 395236246 673462756 414356104 619747989 815564329 116835712 654521800 418033515 392603051 206254024 398213131 680336222 304508515 645603112 234585321 509041021 732481628 806886768 672457216 690225273 928805862 529490516 759055217 673425193 786195988 777107436 470027360 604615942 741415741 722222900 415612279 875578543 729958780 26559629 945354083 31021670 664462640 255844410 482589526 872351890 72714108 870453988 102205316 834893371 966472392 791614487 608298406 994629521 495279422 406098627 84829562 878522982 575550798 853634491 470663488 496895663 842538538 534153785 897230910 116699398 522983499 425506392 224416062
9
124415787 737225194 167085465 476479755 329561727 258571656 597588319 996634872 180468871
27
637735526 827136371 537719640 773094767 485895438 352552064 544155143 822819972 360785864 469481624 69459679 514866873 278401830 68002733 621957188 571144995 584955513 28742169 746182553 48229757 867818072 671109911 380025801 973361829 492385568 733631303 212172735
79
108348701 691324271 558830894 91645165 937124235 739311785 633061299 692501961 910255929 37772147 628121764 276323404 108598933 730089019 212173103 216814193 574752690 566340525 848785001 162079420 211835078 255843135 666371018 788598448 198223530 515144614 316915631 491808600 240947037 12015455 815141335 98366399 762186369 932286247 307453927 441335160 555493341 953506947 989640678 212220183 928844761 170752570 321046209 637566645 83428357 691656917 924653768 37310064 189332370 408678694 127327791 669556968 466876375 66494654 323037582 647979460 352789197 760938613 252339810 222217771 556681108 172039398 842728330 609734475 341277932 941174000 960127434 197133014 446199741 136793142 216336459 171208576 219046799 417151904 529944345 103591298 220098322 948364760 717079460
66
197037338 735964824 989672910 243368256 868270345 892153494 315226933 915792805 743446291 65714727 211519235 488369007 571746435 176628617 602372597 178990238 515230372 303260829 398920456 182513432 917981513 553053547 304189953 366714147 840199494 979174044 783074790 266136555 63690484 269595134 635449219 529960450 506716337 525613828 75467239 172077018 138285918 504107331 337069284 4041293 773801183 226934519 81269138 159611670 346143902 753176444 546298572 152037206 834658825 596360149 629154225 542704143 228653840 413953320 290764324 346002604 638443176 576396095 382525773 381134200 430925130 956306696 613299223 193042466 244786036 238074135
129
552486320 392868927 265922087 839883807 689673739 768655304 339282279 982315901 772383841 458566040 332296383 174710189 853020587 343815663 306235322 635594450 774594858 280750834 286149739 630347058 773487840 66930472 1474534 833043384 503292436 422713854 711191236 524991089 120604114 501376068 674537379 653671183 175823721 760607406 284812708 295880553 14131947 970000469 726617835 867959801 858042288 567762739 464450851 349557340 192877779 878432426 717071863 682402774 930033587 656076798 196383642 3449291 433799284 647120086 391978816 671761479 925619324 188492735 973758371 515816055 70157046 879195305 57171327 744699182 431222098 140319080 416386582 528052065 706266051 160258612 566931884 505816235 425934783 830254121 270962188 757608906 235790979 336564680 155603201 955530528 82507149 859217780 460998878 689152819 764328736 950888438 963588343 566620461 742831811 126748410 331908645 561105756 698990530 535821200 354826567 652380083 114136492 267853996 891348923 463856712 70906579 211806117 854007273 830488532 341337807 90315962 619907512 527723574 864972539 28721032 62168343 889533168 14701303 177859477 80393846 883510184 665626404 511255753 706428234 442566313 746287403 349767664 681772684 580989792 729499767 869837113 673284923 891893471 26908342
311
644303546 747949269 324128861 960044635 381299945 612735458 892415411 707246367 789508900 775349866 840225248 715729532 899107370 366957689 542135687 559673905 518094496 53875874 423862124 753949377 95847310 335971449 828550395 209848307 434187487 638223128 189666497 907492691 819924452 774585755 814716144 56766128 982695378 825800612 589836767 100953756 170680895 398241239 173547144 91297519 492387241 789239391 3688201 195128645 518983663 394751336 931683108 365059451 161900758 352526242 622555838 37824566 279707781 978811077 80567907 379386716 585593353 159231495 956442049 44315288 557980114 829761703 674453032 985084890 601348660 518958182 278251793 239923669 512382951 748312073 354376340 510447232 387487880 611903960 102693872 715287958 530756374 944120354 669558279 317117205 957279861 331369399 604738527 185165251 821677038 986200172 369981218 288889764 873026477 821918107 456155294 126141573 396748098 967604384 898763462 362923125 436402721 687779165 310114864 849702470 170563106 847328951 437694486 488568849 28172289 54302998 760066773 492502447 866393567 895691497 93662320 524587840 530990015 725451552 370765581 740060584 431249418 669532080 216588663 423808781 378519052 975972371 96050587 144597339 242196596 256090053 439615243 531783872 279403992 904026312 120555902 518489648 245378863 750005793 147733837 691935713 638683221 267913304 518283768 885977040 526267530 746603004 339517599 398953531 44518131 347320349 729953930 610431525 600204056 744485072 436277666 342232022 327047524 20321711 996877557 635697496 289648041 146591318 671296822 629312763 770252697 967725287 182028602 893599697 250630990 974524039 474533500 165182515 704624578 927522271 43407770 151763002 552310616 450471836 394801365 7689799 960596049 738428143 967987861 94407035 709620568 841444365 111272419 353296959 50173431 866582192 207234798 247134910 199264543 440239764 704520071 343711590 530235812 215533051 344363428 993014635 822011071 160438314 454526944 7458116 758992522 550826473 940663289 612165932 253074567 284474375 659460945 434429858 669011482 81744852 894264174 498141161 811801354 849611686 430220411 884065929 382344196 145818452 997128644 91323340 159447832 157266110 705041982 565723202 448434746 98466371 47672060 291259197 339489730 278859080 188238267 703903062 983199469 306423480 472989527 609133286 585445465 866170239 711305300 741733006 284756621 82738446 766607702 771705776 546873967 536500186 809689513 236885235 708886988 921772509 116618682 71945923 683004371 783267092 363535771 897785806 866591642 641519615 587972483 434993544 21528728 968277540 366572620 791258280 572495657 438851723 712253428 453122985 390247182 954305603 920347164 602115402 87944682 602083548 671241356 517391118 39192518 513610988 214228909 471767485 321639309 297144970 339154701 943537121 851920785 183734742 507673567 505469002 420187652 904788847 985418104 578666635 896663424 750773499 913711059 84788602 753083776 220300195 272865806 37221812 19215588 330956948 229457643 395498518 461157489 341709695 299264848 375820357 720549199 670033689 767765703
28
83916583 117748617 427816348 10051583 896847208 411508880 950358340 142350153 512148982 306774969 163185363 358995739 760839813 993231034 233160206 417884817 192642061 325903409 321421374 982132711 291595591 770053149 48551088 9448704 415111475 220289123 932764469 316080610
111
23706004 109971274 832611491 854013752 200659314 325585407 588901714 710062287 928454551 396626706 864818079 623080473 925759763 508500727 343458924 19813037 609235385 915950727 757358494 964683460 744279711 514420604 183650462 799765950 975970466 784269560 759731929 953319579 710642399 682054655 196533312 836880003 365032251 977089016 996458953 41532223 859449053 637709104 562886124 59037117 577379502 280050518 315883302 809815183 326929376 725688832 368717433 531247212 257286756 289948965 581959658 462387886 304356210 514437538 709086466 32979923 845140997 471692213 666400590 257938941 492704604 134032773 226377439 938280818 48836987 28541847 77630667 660477212 424449448 972045146 771956650 633793801 553512686 728856989 423049753 25204972 467625117 652703507 439681851 902267546 159147208 672977110 667279667 695817871 470988485 305730785 938322859 271065191 242000305 927445141 924010064 987102565 781943018 468008245 320547667 611662575 196101779 694419562 820051945 298012943 794629139 714811071 881270988 888381172 53619350 733213221 588317881 25534319 688423306 3415665 209880816
81
727418231 601312548 244696025 42816439 666728101 129792729 281695099 849401559 470324152 651406309 68404695 709603357 493955859 678820295 524372303 152994267 370320186 701513411 235277998 888343908 668524377 65604703 197270430 994554259 105087933 386755046 937630512 250434885 496199768 536736488 720789081 971389402 860115265 827660216 823447663 141568440 136667954 446711789 271595952 182374088 963072520 640012513 188490171 272394999 298670919 616833589 675757076 660991670 649015956 360762443 124540069 649111931 115053625 612093131 683474488 784037438 735315876 318889758 349144830 541227005 238664167 305206518 833021707 690824760 482720314 955999428 520275671 567013237 743206517 932526145 65659326 646814653 493754263 588497126 430756993 546554653 770572354 993545331 691461571 166240295 409626939
153
122596716 683687565 914576494 319225327 990495127 85631179 551374093 916422377 243069055 238923213 144395553 342347869 58490868 627867847 854928458 329101985 672575625 350769489 758544686 967920814 685459477 140850663 646346231 182753955 902260274 593352809 136398544 951587394 487064769 685962397 777997931 781437298 175449700 641518760 307771006 522778811 366022915 833736089 100269121 221152717 230577224 860988383 903028465 929885177 532900387 843529677 830149201 281379510 740061510 579941917 42874660 942590494 991397289 452312170 927851444 1196910 869295367 499801012 294049358 458023817 388211552 233117920 328287172 41587062 565257590 733188918 786520553 367654622 549963600 515626209 759737881 796049551 789526713 903089522 872441262 309433595 677804993 443458142 179852 976323257 45774651 673342331 369379222 296062723 69948734 238975879 218633014 411174455 79375269 496701089 210139097 268756055 22438543 125152974 635827825 355399560 356515551 159432821 919767793 401949846 372580028 155170020 15994580 74733935 76308498 925522633 417588119 389698980 215115024 382116025 234613051 301176043 949381289 626871212 731782852 406663583 615919379 9045887 941902012 445541694 813112394 393477489 156275120 757164266 255839374 437154982 695541426 147313641 850573536 746920103 325073366 400866342 509759881 683883488 169947829 491186349 894921876 117512737 942315756 303181362 440390223 954650398 631475870 352260491 827657678 318301935 743217390 169228849 705660264 321510544 894608518 521986756 830540088
265
650049634 730553876 809551748 687494045 100164264 282640071 310022360 61241786 55270923 960004822 686771659 75568631 558389271 215235577 49309834 633039486 280779708 579721710 135749351 463252927 957658061 710500085 44392153 101000428 26621316 333291605 41420026 72193150 771005692 426334933 883185928 280198318 461185974 450762563 381628516 460987900 895761173 707964657 316589206 562804140 659421922 351148083 545663431 369951812 362193864 865115874 620120389 460788240 345180121 482723036 604112898 937700766 379014407 361752193 49904918 583255618 63455660 17638712 521813049 807589523 940777219 183404008 297281098 203291884 504601516 28512639 887795146 775825388 159317548 90955119 649238881 621835511 36102506 324181548 507447384 985907378 203494708 680279983 931919646 212587402 558368440 229991414 371432388 647195182 138029323 8158593 607515264 159034897 768754085 45721559 570128430 427481577 800622307 426971135 116589258 337334835 660435588 638854407 866699255 704974252 156029485 860691585 785831291 744222681 100497893 722787073 576507329 696386944 866221721 316282528 601137749 536221485 491338393 564244860 724172396 796288942 506534937 329077302 146798425 692734103 580899761 959322226 715924761 549340351 945162462 202260826 902764744 880011969 73898623 218511388 830292778 776188285 266536792 313287783 284864291 757273748 612750994 559333618 308013119 627745519 748070969 221707254 204465451 488129848 367283133 765044143 957619769 60007007 293132914 138399966 342311905 220468758 811853840 835863370 424601914 771092310 363305267 812427322 927206533 948147928 825041884 835529980 165609891 592493981 594658286 418443618 495675034 996381543 360912306 243888704 563035156 815524157 872347219 233904111 658891231 298640363 902330467 692595917 614052206 390093439 483934292 936673211 822424662 650603726 663927040 93044381 820130002 134264301 235706914 947120862 569036864 57145528 301434587 23665129 68177314 926626382 198200366 36682161 124304414 602266258 146832259 464035626 509537150 683411116 589776168 454011597 433032369 507485574 965521611 718851352 636553800 754361936 962514433 41104140 869727482 454626045 259220675 935245485 450573856 943854276 288143340 26187142 777850937 168383135 147837884 890201378 103635816 665102799 990153304 35932564 168756721 773916246 437922375 714877424 448286911 519190395 536120054 191888080 458360801 663646282 323142965 931596496 262508297 633799697 636033464 662226193 282617868 977191141 435858840 134063034 491683684 995254811 534745807 933231218 735030449 165640399 623818943 271975656 681377075 601666144 346426540 143890763 238717522 448782578 179203645
145
963720915 892795927 503854570 789244415 206010422 214891952 450323574 404146146 776608819 358790128 951443971 828591546 502715915 107342796 858254533 62739903 144482306 167744223 164546610 312303885 660309475 891364839 195956615 483515941 691948921 995485509 908028482 890440554 224002327 902385025 971810470 250135461 638966801 256031172 711210554 415161986 778566465 102184029 770746954 879673617 986362243 23302973 259455589 469107782 749705785 39810170 158110941 336831352 211125191 944621264 40349514 372695270 504898584 544899099 681764103 778581549 376029975 964792798 135803315 401854675 823199031 565377471 590626738 972039872 741010412 860445704 368694954 2026176 440734256 205958696 187695622 53677314 741321983 451359536 782474614 234010012 154462683 177213527 927762797 595971332 8967496 445029239 464407970 376962200 956215121 252469133 971776912 121787159 669420545 112948540 244045045 325773606 953463275 271931723 429195351 913237453 321031331 109183778 86557050 960915703 861880131 363588945 438953963 847371765 519702759 462792202 220854649 114434044 428740913 118850978 570180790 157277346 824014534 882318100 647935354 322491493 31383502 687453821 522449248 491472676 452960376 762771873 185090632 341318820 188829044 585316965 173418195 927660300 551223927 545819475 317237994 733228393 140671674 279914009 447185464 563766827 363317628 486443530 228184747 154873254 899332219 723775131 826762999 105846930 614627967
5
281252327 732668691 222985356 680893904 801532204
279
84571833 834419859 296137402 447510860 720597482 321570699 966971920 358288205 89979752 360396477 509098407 407007449 821662523 892901973 444497622 239014079 640455981 843501027 302207740 618465648 849647438 589843163 209930234 927188867 466701424 401020181 977068213 465581105 62093995 255737165 861435286 957820889 279732699 394846628 996062473 330252413 641002525 221208093 576249857 42260036 316058198 425572129 232648306 335420918 942723756 833782268 299074518 419476355 63030026 774049629 665680297 357032572 539767201 13065690 220939757 791556248 873919841 46526058 272211367 434585649 57050244 324997865 845837152 466545349 456682244 288660631 586761636 429287285 563484448 21387417 677832582 399901577 573545947 986767479 609205531 288240873 410844029 45687964 639438330 591106725 493430288 540046554 867295683 970669935 705322468 443337443 205759637 739088924 621961227 861994705 235253141 40619047 852718301 881145758 374849390 694963758 932156534 950564269 743470796 727489651 452415283 293795135 132455136 948990300 844725305 125312255 796371423 700829683 223344622 833411191 499072387 235263590 257254014 512910488 445038984 307395208 733638231 239416886 675276848 322952783 51268781 881793674 603488448 829945940 333624823 328284590 973109249 771476054 788496496 855038756 76351167 848417719 688189079 319370832 922068557 92603901 434795951 50862841 215425792 274096978 750111808 81794508 670415536 26436357 655262868 471519449 181944634 777082887 470107963 300572692 465076480 863794543 777795975 802953173 194826599 431340278 845946385 157962585 556175704 35704188 49081138 137293118 109655487 330499457 445461899 112133131 611717135 110732205 774080125 919475878 957194941 913114952 927515826 84691676 669375425 783254210 39534226 715937756 981461784 623390765 752067791 641314492 314676548 856072126 70836442 238159091 101404618 95932495 952609131 367314653 445503923 158691808 465402621 29825083 175922187 138327058 344383567 778643120 451677286 455275178 554978020 763767365 200589142 645532692 674107268 84986341 141539574 208880606 153566393 8186338 511736162 848885560 850167123 842606702 734198588 981507963 492682468 733143587 637941289 322028703 840081477 462620284 161374034 591478211 237244943 993470553 580148708 811200424 57527587 646384255 944776080 518990134 792988963 761721878 108370187 489395191 744379638 704031529 645313167 62561431 697442120 512125737 958345817 502032234 923296007 670901099 624272681 902890214 214696423 196534693 520287429 513955876 793569503 383027317 217326198 306864995 951008426 353415642 903432073 189554822 916821063 173377465 916897743 938640273 55551354 156307545 46237725 176625455 219780937 906796775 38548173 221212975 17128063 582977011 736366651 423956738 180051500 164474353 166808906
101
703541823 158031906 830768570 623366621 386341664 549582714 677953800 667830109 561651970 319470350 855374589 677242681 818688745 39612924 261568157 730589026 602556921 857814057 329353039 437926603 391126014 163025083 565987680 447575535 213721061 931466910 483033727 483848522 218760769 592481025 647462978 681123807 536516551 679987670 72039584 965680561 854662098 445417045 916192374 353455690 594101984 819116921 132276738 222772535 180773138 920540801 882018155 470044809 238211248 65320305 681379639 243996501 891782307 838237071 451293906 938257461 694100730 595320806 540578062 279462342 475740005 443513286 531777693 829261096 383136189 893091650 861368985 866771073 178580090 871755696 924183293 398834554 661562171 696251437 429769514 879879616 942810946 144521239 36973155 100486532 211287541 775159697 890485329 582833148 196780895 534589442 500047743 329251296 815508140 691439766 180142046 425361901 310051504 705951419 205496131 761060197 238781537 73675942 239879653 450863757 387313497
17
197093836 214700767 371352366 856039509 628427113 797520052 945583894 353452472 541437692 595668933 616996500 792061449 894621385 982590173 818954494 794597488 458341461
70
56250278 129409326 573239101 748859630 518602545 534669825 779864162 373883425 789588083 141114071 714774004 804991554 929895106 985705494 912873133 60939495 283871836 724883367 694099053 155683693 606229216 654120823 91433653 649352562 151844818 364183544 699288874 260961113 738557212 164429981 9690648 695674569 319592840 375143521 48579820 969894190 457819975 999790145 941645497 997443639 422197869 942518205 594449076 939566678 544249714 995724635 116353208 402792259 651504562 699666724 836923331 382650490 767553006 155220262 907650679 690832312 224426185 516135920 842927002 755762049 761425228 786768665 664225430 158958493 171405155 877855673 172414970 19469719 262038622 915088109
87
197403127 358898493 764704113 649797720 295838947 4150051 368964148 380329117 790120890 974996256 682651427 948922854 84250776 13893326 66109471 658966112 753502528 744204814 229517035 129739452 746899864 990535554 458401199 104827056 476462123 85294354 288039289 712107892 783184037 329966184 305850040 829625926 265618523 897447795 125714879 277714662 677524160 31908072 221236040 712961050 694650865 592258236 762617582 464955947 104979243 721267371 375500209 288432999 182225231 606292661 481631350 920216733 832045924 424094619 870984325 163044772 869210389 262685030 866782729 636896724 756252975 926703073 880283284 454709386 877682725 486232858 363017112 312366505 115351692 230703077 627117806 673944084 695838623 189246041 448755539 345856565 975849916 44584016 309385446 460767353 132559076 953126379 680305068 689246674 884072767 314502157 689478156
19
721257012 823472534 278800091 23665492 624493848 426746839 648427586 627106354 807107067 28734357 240089713 782513467 452214496 839475334 291633242 945854823 543582922 586258179 195748918
35
315242131 206097475 67819147 974096894 692689918 119144409 815463488 341876722 961035468 325562011 820997992 911759638 127416454 728965280 655265261 376863664 614889368 82269056 448055006 621480908 829409746 567402713 465606380 294063544 508983016 544044235 880912622 712635528 875669234 462054012 578313821 768119955 794842860 778430102 899291608
97
460685300 922848567 149113284 892786594 923844874 153203222 173435704 372605471 43991800 164765234 211179816 755671130 814379558 230594839 525248844 951328898 271797438 155938229 290998114 885830761 916673327 920725727 591847851 22620676 161252526 544959439 151194987 624435182 144854448 444298400 870113132 157172196 722954866 80655059 840131196 233818954 338828145 144673739 652720106 705674660 590039538 958943569 356725773 207373086 524086907 84074000 253193917 252737797 152784216 411447834 93065176 80909900 966345495 471058785 449650623 657181192 783172364 482376255 684495830 31352308 589090254 360960495 428214023 620008174 323254712 737724177 547167807 373867384 549233513 510001706 282658032 519527480 290702916 47355425 338695566 69451384 162654961 467436228 614598674 997903526 352322522 910755137 745069690 141346517 177016239 262160045 790610247 792103227 660511715 791488128 498717693 889363633 332614444 296929047 237021606 425187638 455196166
21
600035377 102531408 815554156 185178929 295641971 46737546 347670554 162588207 598123236 754074603 778784936 667084743 540786033 506912139 849574310 851836037 325497706 863179656 359174725 172867383 586660099
42
203883651 683337180 200189809 883129556 904180768 171991652 229421578 517385818 434083210 660963069 313130909 902317172 591952364 122514535 201750281 722581990 26906873 845261706 572685810 63355353 108556133 239916014 267252541 896601 26501993 532024387 167388568 761709782 130431299 238057691 794598896 76357284 3439027 264818731 991732728 519905147 811959936 705477454 248984745 758963191 735793393 883427970
253
270596796 476719129 571477077 786529704 400959282 201129924 252922491 378187976 872756685 679657793 220902970 87252619 253813140 887575995 484382187 824239295 43502419 936814020 500200426 410881751 34330648 899134414 300821784 601494633 671102903 931489971 183301468 138275246 285582151 252884014 874484253 804943877 200087971 175816032 498876106 335400048 193554411 4927308 406473042 560310293 804141568 880661338 777671340 209099454 35045131 191469528 764222289 383776090 870085110 503343732 428912573 489566842 706550257 432218307 594314481 760564436 649229551 35990206 971951860 455292356 410827814 223556928 778825037 270003142 230891155 741828745 581142923 520033533 704888180 99842750 396029373 315871663 801916108 953301606 778242810 849573063 728784866 81035502 945198043 948437586 365703618 224428326 568526588 53456898 803624378 144547266 250261887 343453102 354271198 510054363 178572168 817222608 158453638 926779243 431521986 433555461 409012171 979850196 948592344 782676369 752748557 457627226 96232445 763542489 345473135 665479332 254354277 203429094 535946329 478715199 774479817 113437161 389513462 478003739 219784167 988142513 725048756 920836364 593293568 261536566 580825798 774012490 448391513 961194514 702412197 163395313 668272314 747414787 405304203 377288066 19991282 928494699 813139958 980323937 617231952 538532048 931559211 91665492 904655916 737629532 677130417 614508298 989090652 10922077 665203154 713089426 184980671 334652358 809816093 421794016 352384950 619433901 243181031 653428299 380805797 867766987 174797509 302436370 681750903 943653631 429691411 316873682 225921560 874596811 257817968 388795153 312815352 165646037 564943168 871166391 299621774 881686120 824890665 437336720 588943571 46468081 296449686 148043723 449904579 7596162 340607799 854403966 526021600 319282514 347597695 848731679 171333039 748499514 865655077 79202060 460206904 955619897 155317667 485490436 467301514 836234226 10039994 38059180 947317813 507040297 317487340 548348172 830656974 58160202 630896129 996282383 464211054 571071202 752691587 241903878 773273395 560003107 314776897 603008294 23192510 885284453 502426064 791703045 231242420 962726047 210671365 889266721 426130493 411431666 32291452 157978969 770965128 470826271 283162645 893801842 107791429 240719627 552468593 670614675 181355817 703237442 74731385 225246153 8518766 279879538 443330264 428792708 328002896 741177579 689280124 818213912 214005137 57437478 179331353 574879293 310371317 178969147 570374309
320
336782736 785977543 804772201 761098973 696075536 11518547 793294738 334302143 559215009 314562922 202850236 105216526 310007436 275102689 858542481 173941202 501661181 829780753 606406111 328701653 822467460 669963353 166021402 717494566 388131989 265167256 601018325 598211482 613105928 276154291 737930573 48497734 791821721 711456533 974208990 527402246 836117097 513579562 381846923 434634234 56575867 554526179 330550906 326059011 459163448 701141045 990137206 838412107 352205036 189549209 60389484 424368570 281845062 610951310 468849390 782578049 93118172 475468819 390213299 194517907 288519845 821236781 333043733 495352871 85408381 651595623 318290577 775557432 488972196 532006477 227032907 638117637 587737919 337473008 595646343 865958033 374552278 133998181 346239281 876890660 881351892 704192838 56172886 97543112 100487947 425173551 487330985 564960716 941888301 821878082 907571199 88082757 666328404 457637284 858844883 811573384 351284858 323616253 414064579 447312818 917785858 484742396 362657040 310096160 987604269 732841937 501241634 805933559 252338086 228365489 830447362 214115997 696736759 238613846 217426143 291474750 647000849 373911932 286144650 796758600 419649480 344731493 858822649 740852975 795116885 289751126 217167815 582091690 5367762 523937560 404512178 705619124 917230785 588812408 755505436 893009548 723233670 781887431 405959052 61253749 489657320 117470042 365484842 778340087 583854228 887330571 503504710 974628444 449519002 191911606 215277265 72539443 461464814 234056381 145663202 786074833 693493992 298342021 984139570 719153099 33729221 505014519 210013344 819614334 381735715 441474816 930232239 754063751 117736585 434393617 976210691 81211467 993210845 5456031 281044456 494289264 304893164 653061284 780519115 53536098 150654181 810609692 635698622 24345807 314419934 798670217 751439096 145801515 188500558 303071856 517367635 961612077 376094097 365732826 750975181 242147152 614897768 602878676 980210439 205238867 954378870 420616943 708999113 793541050 764128708 173731520 736277884 934463050 788942141 548930145 142626222 150080657 478391091 81632238 425383826 498224476 504962520 289168394 293320829 619337278 813383110 697227863 108316266 977719824 53533816 883501569 980934263 509824875 626844366 841577524 331617126 232848688 570316685 813198497 394734109 909192449 516592605 814090238 74501670 197616581 496657865 681091203 997718064 298327080 319144130 468390509 236176524 393612056 253345821 651003006 178855344 356583497 181710224 544932475 882511032 849357490 28306361 115262381 851875296 275347726 69731479 471927649 624123147 895981660 675833359 538749288 530960447 411493472 547123816 725027991 820558375 349445151 274833103 630838600 703262352 74013287 44492244 745477080 45000428 679577157 738948075 47365415 882754258 606770060 828793837 485195547 389094011 660204373 65202580 23486749 673933127 504030329 724631554 404669594 775970870 691184153 703258683 655339395 749023344 21211159 994973606 485020877 213885374 627666330 70259344 172354290 952983822 721028494 424835752 894232175 259473138 129652001 115194756 198299716 88383010 775710792 416480539 245214839 700479477 724786744
28
767355466 237472401 185265388 385012717 871198031 199903263 149087016 926800550 691595857 523926834 862919919 115361382 770157014 518236896 591840555 610950773 900899146 570465216 782099946 958823390 470750591 157978226 500820191 323011567 865875240 786980885 714770911 950363835
117
409766748 349496015 900986726 781643675 962130969 265375305 721341200 491630505 191531199 462344752 688588320 611313731 488710289 430522037 942251516 172688270 573102904 753194766 933315246 674669809 383854399 938033651 179060581 400843158 11007640 828513313 353650418 659209452 258750229 309816027 872205900 816000807 305690864 316478564 992450828 477560254 316327747 379022982 235993073 420253165 278154385 148598542 629008222 364280113 107780412 302362189 73639383 417088462 284586508 519150489 381258888 580435788 491405486 642787274 861206462 522224886 199176754 189260221 257942891 934228570 37505933 838560981 630428582 820409803 550688789 714456437 487409449 15100642 778420232 652102535 584297425 244115193 583068933 88056568 417782050 763556271 213909648 190876729 900981953 423377767 189349523 758539456 677219064 130413512 324238808 636089733 385446197 641051710 442965648 952565637 815618187 40667768 945270479 138275395 963682863 346248936 20151565 52692546 885066236 497642310 573078694 103789964 754240752 796315917 261367899 296195630 987307437 301423101 140420815 152667833 816517881 890876567 825806091 814290115 622107710 738165924 442357499
435
649156452 925421066 733294511 828864495 388743610 736752272 623626630 491883291 636421989 974164518 995485373 809251351 622206219 253933509 746234154 127905631 773089493 224915340 520778346 455041236 238166768 582913341 71968859 715624505 507417614 914161343 388375456 309697975 785983970 12691098 7650337 238787673 916827559 841068158 433648008 147000977 612125338 374837692 5063108 842287793 239829115 501434315 371265418 428075891 786408977 43433157 245109455 288495218 372563363 72543207 28509007 96806574 813986687 985212436 882094345 533410572 247932022 173033555 108138689 569765076 544352862 181302861 258875005 789627441 914010255 331030224 259031561 727356597 980969063 964952142 691441523 462677458 78731718 61443422 552766863 907891041 652566930 181158714 498770547 375330847 456062005 569412160 809357820 123118123 641709082 507395186 664397896 226233226 564395571 549997046 911862330 354726051 710512246 652429718 511822842 118680260 218650715 747034432 205385074 412788379 578442080 909241479 446326994 10394813 869366661 121196320 302197516 676319778 262401488 724189030 971476568 319010471 128806091 429098711 7930034 993574283 216460033 958766229 637001303 310574066 324324228 196325862 143423564 960973669 121194090 197931189 817175767 477151312 908907339 727163918 682227716 315411075 806575557 402559141 988446753 585075122 207278072 787110736 644201538 392738293 368105739 386885001 305129150 541174856 110562725 710915565 325759408 983760652 130344564 11433663 952656246 423775876 240981674 803030629 304556342 797857625 53239419 247478762 45306196 602255639 46802336 204725115 602984957 825770158 228491223 629964522 150762912 702011121 546073440 239967790 387407216 484185882 218904961 282313185 863757795 745057604 179379972 80197569 752031030 585659632 990741684 747754799 148399590 949853569 223171043 691886515 459041592 40952000 947647207 795538806 852125106 698934616 253757848 95302598 904343968 738619227 596522452 312528278 436322192 134737595 733862908 917690363 265148118 520987602 630534004 974587056 21314569 357728219 480022310 787177107 695331716 863758198 805017088 114391077 433415142 462423336 454779249 719060494 197324946 438078424 990792688 54945687 598234672 876826964 640464245 67898671 72872234 761030346 610087934 113319655 243606064 788361039 258362892 887028469 296723636 391419483 597953827 825288245 491026287 503523915 413921870 733225123 749636826 896127710 383311512 317617122 665358774 144418233 234468243 957580216 940671877 375651555 542002645 155395728 278625038 257627465 161876855 460678134 683954909 520060731 173389973 329942303 197322176 475866861 468786128 879607134 956739915 483286263 384410831 260940976 42836565 122705622 241074873 263832113 456665465 601468265 84498108 818489509 952769430 176790388 408932490 995963632 26908751 887165984 330934487 201060510 358361228 627191161 921885660 841493596 162509559 529749231 142744023 533730429 688303744 677857238 289756553 448478582 277554394 424420326 554762934 899781217 188596475 549887419 390602408 219786110 386416544 269060438 498875053 862835886 985107399 152201370 913723029 525171703 508109107 67848656 704663349 604204547 806833899 366922787 234851046 415655072 643116987 423841317 80820742 558758209 99746993 47991880 98524021 791162235 494072225 52757862 643929370 743915913 509023138 622148410 333513308 621080777 388536207 71260389 602682026 845818941 686998663 799361898 436082163 322688779 341775982 8717873 819035950 678506237 927421034 397835656 22777044 739211010 49804134 48427805 242590561 746033579 742112914 623461509 74002903 469018031 350160865 356288953 769607226 505543271 974014089 802207636 362076180 377936978 584869255 992972886 711659251 343875475 17084440 787205668 146180839 653580910 14684225 640883077 297329413 671683023 132922697 254771686 498414054 637705666 406910522 252972055 429600808 371192828 478885987 79763149 763956460 886498385 673537496 990891806 862036054 510169915 339514864 587528455 567136273 888232538 64030662 384816617 81780680 276816622 77520058 588428040 699222446 791171167 557206253 440026635 81448695 954772150 174744008 571574143 68013661 275298593 198775413 40188244 802076316 539500147 706665060 756166494 119486197 789982113 652676552 108197333 821459887 277128262 162321944 388234197 319507601 750030112 405145742
15
582566879 750727530 501081745 383761067 593690199 562640010 616661790 942983345 85696516 414172486 48730612 959000104 345720978 632985719 482081118
1
264513626
355
256146195 527101179 393890128 516629718 216000634 671732787 317379039 291461104 127720479 66960004 732824007 408451904 164902462 340680662 719364324 246779423 69837431 84394520 637088441 102097965 990220879 777459642 710162156 454570958 125117870 756628017 704643015 299356327 971874656 802683510 13609145 799470630 384311188 506366343 84395219 58470392 721968736 290980069 132087628 161545873 822034490 849685269 357087230 846377383 453211264 488838687 221193190 650389175 17689074 99225106 736914343 256177535 227340082 800117118 170850312 855926402 898833227 981151224 590165105 34125704 923493415 722730650 589277554 599192603 211547928 928835200 906279229 702473738 496329552 454353227 431929383 726505 622484584 491654562 245170475 845809552 906217181 296870317 838373991 855148696 522626702 527856024 916714908 364058849 108068672 445196822 607078578 588729103 972811546 261648091 333580338 269008648 515514665 316426017 445313994 824660087 372382173 718586916 510205133 713483085 830448522 879280550 208748720 826547258 744145128 983410284 4321678 11674424 723041684 711071422 371879077 891179009 985920653 306258667 728818903 993928852 265196215 721223107 463003946 100636596 415407963 367377179 71931720 239006056 780011173 512591949 323445248 678030717 269301797 892549813 479053763 848037375 491709775 725801525 721639720 339738052 642782715 343944114 492195176 976870113 12786405 484552596 669928162 913762610 751125038 209736266 666110361 517762775 198663641 723691204 126804401 61186737 723891279 459920119 654478325 596348137 965539548 898550877 350490708 572800362 832151599 638949490 988827231 302829666 921939166 226128696 137991629 441862341 643269600 567544756 536568056 367361738 576932625 426928750 774682462 946735724 549676465 940543989 452164640 925855722 886311141 995403097 83465350 909705799 376789045 125135535 214927992 651727818 467023372 182069649 884817159 773394559 604127804 519273883 745824994 172647093 508748919 561243375 924756193 89489791 787030231 648086194 74159742 593432371 78324310 82149773 53875799 107629549 892265815 458374700 736043694 745289229 345805339 745210818 213409257 701815477 159936333 959515268 116077842 658329676 579398775 914245161 367312471 396004605 105283210 386434161 436933003 893247801 25588314 950230939 606097572 130912305 961517344 677124844 892055611 461064797 89915126 522935599 973594639 345037303 444527966 172533040 267953026 44876160 310777276 993219136 763906586 236731451 443435479 209261236 212016641 402257581 808943196 346451046 67805318 807438627 428622171 148044594 942185114 569139756 46806216 557621626 703924052 541762331 981754619 327961251 94632558 307867782 771726641 188894102 21420229 878888650 9854473 903025984 823614172 679339652 183233031 219176210 273791322 268646681 239851028 525966721 821385095 117168431 301208572 698856071 754663379 887786290 474331886 858427424 449414736 657198032 837550080 812303055 369895731 315955837 294684329 318613526 629849431 189329392 6073669 811117313 341515961 193001124 407652245 317996188 330213629 643452248 952825660 573066360 469556711 405340048 198252611 519214890 371023843 119001617 341876117 616962252 177878143 692604776 765529476 317086587 2453739 518614628 515418690 9349591 908359296 886317720 540684393 65204102 222590262 999680218 799137140 829689777 839145004 835711943 77723203 474203012 246029860 220698684 226706331 462629555 239778820 873342942 158953636 598738416 269198678 175867284 680135529 199382902 723600072 25613831 461953883 615967105 450977965
90
268209193 113317839 275221715 980214651 275228075 218133115 925281073 775312459 643083653 991060989 469534180 906754908 256661106 789197908 269518905 40095377 654089585 762831717 475012097 387494382 256260677 22799223 832529426 543223326 628156406 779761591 490532036 481132784 581743438 281154229 573122676 283129301 41068381 37586661 998145028 827869796 320315382 600764704 651753817 90775767 870075952 197751584 716221916 1825419 88284901 102703623 288921850 977989252 212864822 878248153 769353892 22221286 31249157 135692541 381946320 988070013 127824249 212402368 838633718 617563958 264644478 612216785 829239443 445200036 156405826 325785542 359143337 583661436 356291513 580596886 1090621 363687705 208016155 310360350 102876632 947824633 236896097 696346012 921354247 147131965 194425803 564802103 582348507 719389229 61189724 62366581 856367466 369825970 884142684 218686146
97
76255820 245308379 973897941 712338672 172230686 180280153 160030487 748096690 322845186 984709378 978746165 441568543 711798813 713019217 897561222 823047733 141239320 888983524 34016292 201791316 40909216 985268221 761461616 96875455 806724839 372133634 971765900 345711903 413547808 978344190 517462751 715545087 690918662 752437021 958676885 139622993 243277142 811790387 908372509 122351591 22673744 841624374 162273449 251731707 832718138 608260032 93982385 261669543 632229085 209806478 708901744 220217710 79387654 177725955 262949478 785851314 161169670 524570278 563804116 896709179 82640179 200982431 455329091 683478198 789608293 898910014 469388285 340135987 465532026 442930549 969183634 374761383 621492178 982052441 839259221 122269800 326699475 702726820 708124125 766725300 154247782 774268982 603140485 284927018 786431352 31018128 941119723 773743694 399414138 839749975 154199156 68306186 801287138 585354455 540983239 39194920 653224360
3
541908093 815748686 535956697
