22140817
22212304
23117268
18355012
21270796
21450948
23259628
20933853
17692079
20299299
22417762
21662388
20577719
20261455
18887853
19340579
20454338
20579448
18580843
21173393
18936128
17089209
21342358
20077752
16515216
21665929
17468404
19803581
24566949
20911015
24404659
22727072
21041276
20461954
19004855
16481664
18065130
16929912
22096997
18753856
21377670
20818352
18349159
16967274
18579432
24197750
21544629
20145966
16733828
16231482
20583994
21433693
19404382
18847763
18164381
19684517
16630248
16734117
23931899
22319283
112603890
110089683
101823255
