0
12
36
14
0
56
0
13
14
15
15
88
14
41
40
12
0
20
28
42
0
67
169
0
183
245
121
25
257
76
437
270
268
276
0
384
37
227
184
542
266
548
350
475
450
11
748
65
475
627
622
803
42
31
582
900
243
869
537
53
147
469
37
582
20
933
724
0
584
1037
712
901
1081
90
59
648
717
71
542
321
936
1035
1217
0
991
1338
138
955
716
1466
879
727
1630
220
1457
570
1344
1469
1660
1163
1488
1505
731
1343
880
1789
75
340
1259
916
1622
1196
1423
1942
792
1451
0
1211
1143
1034
1547
197
1536
1108
1599
1464
1541
466
1972
65
1071
0
284
996
661
287
77
1248
1609
408
1642
1422
2364
609
1794
1171
16
1217
240
2181
1748
795
644
972
150
2655
2374
201
2014
2517
2625
2687
1543
2503
1521
988
653
247
569
626
2619
280
0
1907
927
2188
2660
1684
2157
3025
145
1232
2492
2144
649
3165
60
2878
983
123
3231
737
2339
1250
3027
257
3273
3334
340
1392
36
2123
368
84
381
182
614
3255
2588
808
1424
2048
1430
34
196
2060
1596
2401
1228
1946
1783
1842
2316
2957
625
2957
1064
2269
3216
593
164
2101
535
3488
3603
