100 100
2 17 48 751860447
1 18 27 838649395
1 69 88 438115474
1 2 63 21087355
2 38 88 754473474
2 4 63 629037900
2 8 27 58000150
2 59 85 757061934
1 16 80 53639416
1 2 41 35562987
1 51 62 760109586
2 4 99 670785675
2 32 94 443708939
2 7 29 525515096
2 10 96 952953805
2 87 95 233013722
2 29 35 799802241
1 10 80 646790362
2 26 90 125779600
1 19 70 290270818
2 64 97 299132835
1 6 65 323152826
2 64 66 291087011
2 68 72 917269356
2 33 46 568261817
1 31 62 854037825
2 47 57 542178382
1 26 98 343134784
2 45 64 314487051
1 43 51 619650228
1 65 100 274154457
2 53 63 320376870
1 2 57 694716128
2 19 21 449739102
2 43 73 258049419
2 19 72 755951206
2 19 95 20302466
2 86 88 402142854
1 34 60 493150637
2 45 55 784935495
2 53 71 904594487
2 24 64 836825971
1 17 28 206769287
2 62 98 918373650
1 85 97 262870088
1 33 60 268231534
1 63 72 2248289
1 20 24 895366160
1 43 63 386242301
1 69 90 733990335
1 25 89 784630659
2 45 98 757074054
2 19 41 720269981
1 8 94 278760878
1 38 99 539991092
2 86 90 846686143
2 66 73 12408690
2 70 87 470454915
2 51 93 777428158
1 30 58 735513346
1 42 96 238596546
1 73 94 31462789
1 40 63 86875495
1 47 86 297025430
1 76 97 897795542
2 91 95 912362493
1 50 84 581454456
1 17 41 780297924
2 49 76 422286326
1 12 100 439599923
2 2 12 381379640
2 12 51 515208660
2 18 30 841377385
1 21 78 241484911
2 83 91 56246001
1 72 92 281114126
2 75 96 191273849
1 1 69 174678777
1 60 61 477709033
2 13 76 85623993
1 56 75 31532396
1 57 97 397674008
1 28 36 671902826
2 13 29 238342943
2 6 77 76122763
2 67 86 297412886
2 28 61 40698298
1 28 92 277063302
1 28 63 341075230
1 19 57 636476217
2 25 99 140412193
2 51 78 41703479
2 71 72 70574957
2 19 74 331857866
1 14 66 50712809
2 14 73 747722106
2 19 25 958384063
2 7 13 750194192
1 15 78 5648728
1 22 23 691511191
