1000 136
1 2 69
1 4 68
2 3 53
2 6 36
3 5 99
3 7 11
4 8 33
4 10 11
4 12 77
4 13 72
4 14 14
6 9 58
6 19 92
7 11 97
8 17 76
8 18 72
9 20 10
9 24 35
10 15 22
10 16 85
10 26 5
10 29 65
10 30 70
10 32 64
12 22 30
12 25 43
13 36 93
13 43 93
14 21 64
14 37 79
14 39 9
14 44 61
15 27 83
15 38 81
15 45 86
16 23 32
16 31 81
17 47 26
18 48 47
18 57 95
19 28 11
19 40 81
19 58 37
19 63 4
20 34 35
20 59 67
21 41 6
23 33 19
23 46 35
24 35 72
24 50 89
25 72 95
26 56 77
27 42 7
27 55 70
28 67 79
28 90 43
28 96 83
29 64 75
29 77 61
29 84 66
30 60 55
30 74 79
30 80 42
31 49 78
31 69 77
31 85 47
31 105 49
32 83 37
33 70 27
33 98 38
34 51 45
34 52 12
34 53 66
34 89 95
35 113 36
36 54 91
36 73 48
36 79 21
36 82 14
36 119 66
37 66 6
37 91 90
38 62 20
38 75 46
38 94 8
38 126 41
39 86 19
39 109 41
40 78 80
40 81 99
40 115 51
40 121 49
40 135 61
41 71 3
41 111 86
41 116 3
41 138 99
42 61 80
43 76 50
44 104 84
45 65 67
46 68 12
47 99 19
47 103 63
47 110 23
47 158 69
49 87 4
49 137 40
50 93 81
50 131 95
51 145 41
52 114 92
53 168 26
54 120 46
54 141 92
54 163 1
55 100 40
55 106 70
55 134 38
55 151 68
56 132 5
57 133 97
58 92 67
58 95 86
58 159 64
59 88 11
59 101 3
59 125 72
59 140 16
59 154 88
59 177 62
60 142 96
60 152 66
60 164 53
61 97 42
61 122 4
61 150 36
61 162 90
62 161 42
63 108 7
63 148 55
63 183 88
63 205 62
65 107 72
65 130 22
66 102 94
68 210 77
68 220 1
69 153 50
69 197 61
70 117 57
70 118 22
70 193 55
71 127 13
71 144 37
72 185 37
72 229 8
72 233 91
73 169 21
73 178 62
73 240 84
74 167 48
74 179 33
74 215 97
76 235 69
77 112 83
77 128 48
78 147 82
78 174 13
79 123 76
79 156 12
79 165 97
79 166 13
79 236 76
79 249 40
80 129 90
80 157 78
80 188 20
80 211 50
82 160 94
82 265 27
83 139 24
83 181 38
83 255 89
84 136 65
85 124 0
85 209 38
86 286 43
87 281 42
88 143 2
89 244 69
90 176 88
90 195 42
91 173 37
91 234 80
92 213 65
92 254 18
93 175 40
94 238 43
96 149 68
96 155 81
96 247 59
97 277 97
99 192 95
99 200 2
99 279 91
99 316 13
99 330 84
100 191 76
100 305 28
101 146 99
101 184 52
102 226 34
102 242 23
103 170 88
103 325 91
104 214 63
104 340 61
105 207 52
105 272 47
105 291 92
105 303 9
106 217 69
106 252 97
107 231 22
107 259 12
107 280 12
107 359 79
108 171 32
108 198 28
108 282 69
108 284 10
108 314 72
110 221 41
110 366 1
111 248 33
112 216 77
112 264 33
112 319 81
112 334 39
113 251 20
113 271 42
114 224 82
114 322 88
114 349 21
114 351 53
114 367 97
115 208 30
115 258 35
115 307 48
115 376 55
116 190 86
116 250 48
116 352 9
117 180 36
117 239 93
117 253 21
118 203 35
118 223 75
118 275 98
119 172 49
119 182 27
119 196 42
119 212 31
121 321 70
122 218 24
123 187 34
123 225 96
123 243 92
124 232 46
124 311 62
125 206 36
125 309 72
126 293 25
126 364 91
126 389 61
127 267 64
127 343 34
129 189 16
129 266 76
129 353 9
129 356 7
129 390 89
130 186 97
130 201 28
130 202 82
130 245 51
131 194 30
131 199 8
131 262 71
131 289 56
133 246 34
133 263 13
133 268 12
133 388 69
135 219 52
135 354 78
136 274 54
136 298 84
136 329 59
136 410 16
137 331 72
138 227 17
138 257 21
139 204 81
139 241 24
139 292 40
139 313 82
139 416 14
139 433 43
141 260 47
143 290 21
143 400 95
144 256 68
146 363 20
146 404 49
147 270 74
147 288 69
147 421 91
147 463 72
148 455 99
149 287 96
149 306 92
149 358 12
149 377 17
149 411 42
150 222 95
150 405 28
150 461 47
150 479 91
151 371 73
152 397 0
152 432 73
153 333 51
154 420 0
155 424 7
156 521 53
157 456 54
157 473 37
158 228 5
158 304 47
158 401 67
159 317 58
159 357 69
159 406 24
160 533 13
161 230 56
161 237 97
161 312 55
161 382 32
161 532 10
162 526 52
164 514 10
165 383 48
167 294 82
167 344 38
168 387 88
169 475 47
170 362 84
170 446 30
172 261 66
172 269 9
172 327 1
172 360 66
172 418 16
173 285 14
173 425 57
174 472 54
175 378 1
175 480 13
176 534 40
176 546 16
177 302 96
177 320 87
178 283 3
179 370 29
180 339 1
181 565 34
183 394 32
183 409 14
183 569 16
185 414 45
185 485 59
185 540 81
186 318 36
186 336 82
188 273 18
188 276 90
188 301 73
188 442 64
189 297 78
189 299 91
189 439 63
189 544 77
190 341 93
190 379 96
191 278 2
191 392 12
191 398 61
191 452 95
192 571 72
193 328 52
194 426 2
194 586 24
194 629 89
195 368 91
195 486 40
195 603 22
195 620 22
196 350 37
197 440 25
197 549 99
198 393 88
198 474 80
199 296 94
199 342 39
199 345 41
200 647 48
200 652 36
201 295 58
202 337 9
202 427 52
202 633 41
203 428 36
203 448 75
203 465 9
204 369 11
204 386 79
204 403 8
204 435 22
205 323 12
205 441 67
205 611 66
206 300 33
206 361 95
207 338 57
207 466 75
207 668 81
208 308 8
208 497 0
208 677 70
209 430 35
210 617 65
210 691 6
211 324 18
211 462 5
211 519 50
212 348 28
212 408 98
212 481 24
212 567 85
213 310 4
213 464 91
213 564 24
213 659 69
215 385 60
217 520 22
218 384 14
218 517 82
218 561 38
218 562 35
219 460 23
220 315 54
220 536 56
220 661 27
221 508 3
221 595 91
222 326 72
222 335 7
223 346 1
223 477 97
223 543 9
223 730 11
224 578 40
225 667 27
226 375 78
227 391 5
227 471 12
228 332 27
228 429 69
229 642 6
230 355 49
230 500 77
230 685 33
231 509 44
231 604 90
233 437 98
234 395 59
234 419 32
234 469 73
235 454 61
235 657 59
236 373 68
236 601 92
237 559 21
237 608 77
238 347 70
239 374 55
239 700 34
240 399 17
241 483 90
242 470 52
242 622 87
242 782 72
243 511 17
243 630 15
243 674 6
244 645 82
244 681 61
244 749 88
245 434 57
245 451 93
245 529 41
246 545 40
248 484 78
248 558 58
248 575 28
248 577 66
248 612 67
248 716 17
249 380 59
249 637 12
249 673 41
250 587 76
251 402 71
251 650 59
252 365 95
252 522 47
252 538 2
252 614 84
252 791 10
253 467 11
253 843 87
254 372 2
254 732 11
254 781 5
254 795 55
255 504 59
255 651 44
256 417 65
256 458 5
256 515 54
257 510 87
257 665 51
257 693 31
259 505 80
259 747 41
260 755 27
261 600 38
262 381 73
262 412 10
262 415 51
264 524 38
265 423 20
265 449 1
265 811 3
266 792 3
267 736 50
268 431 79
269 528 46
269 690 17
269 765 22
270 502 58
270 627 74
270 692 72
271 654 38
272 636 96
272 815 7
272 880 56
273 698 70
274 493 64
275 396 19
275 790 97
277 490 53
278 476 40
278 740 32
279 413 77
279 468 85
279 496 41
279 921 98
280 407 83
280 444 45
280 805 17
280 839 68
281 443 3
281 447 48
281 602 40
281 744 92
281 800 38
282 547 0
282 702 76
283 506 65
283 671 21
283 822 48
284 436 79
284 550 66
284 615 13
285 787 26
286 548 54
287 422 46
287 537 18
289 457 10
289 772 85
290 445 95
290 478 79
290 482 65
290 655 25
290 803 16
291 707 49
291 825 61
292 748 57
292 845 29
293 656 0
294 913 45
296 658 34
297 450 91
297 592 17
297 778 42
297 841 96
297 862 2
299 525 4
300 487 31
300 491 35
300 893 21
301 560 22
301 593 24
302 606 38
302 662 98
302 770 95
304 438 51
304 459 82
304 830 35
304 995 87
305 453 35
305 705 43
305 737 15
305 826 43
306 553 59
306 696 78
306 886 52
306 987 66
307 542 7
308 495 98
308 518 29
308 531 33
309 494 15
309 513 67
311 573 29
311 876 73
311 888 38
312 905 7
312 935 16
313 623 53
313 675 57
314 556 86
314 669 63
315 908 97
316 492 30
316 503 24
316 512 63
317 676 18
317 829 45
318 530 37
318 752 66
320 516 52
320 687 29
321 570 49
322 579 88
323 488 92
323 566 53
325 610 55
325 951 13
326 589 59
326 978 85
327 498 55
327 568 18
327 585 75
327 931 40
328 583 65
328 639 77
329 712 64
329 762 65
329 773 45
330 735 7
331 489 87
331 499 26
332 523 18
332 621 28
333 745 0
333 861 62
334 580 14
334 607 8
334 733 14
334 777 38
334 813 48
334 972 66
335 670 96
335 699 17
335 763 34
335 914 13
336 963 43
337 709 84
337 739 57
340 715 0
340 751 0
340 910 91
341 775 46
342 626 64
343 725 80
343 919 16
344 507 21
344 557 28
344 563 95
344 774 99
345 541 26
345 582 67
345 609 63
345 750 81
345 756 78
346 572 42
346 680 34
346 846 43
347 501 35
347 605 40
347 785 62
348 721 2
348 761 78
348 865 28
348 912 87
348 940 21
348 946 57
349 906 47
350 632 89
350 664 88
350 729 1
350 734 39
350 831 73
351 527 89
351 997 90
353 968 16
354 731 61
355 847 85
356 631 43
360 552 1
360 810 84
361 834 64
361 947 91
362 594 70
363 682 66
363 784 67
364 640 12
364 683 64
365 833 72
367 764 90
367 884 5
368 613 16
369 535 19
369 942 29
369 962 78
371 757 23
371 943 45
373 713 15
374 873 94
374 954 2
375 539 17
375 853 62
376 554 99
376 555 65
376 807 2
377 766 93
378 644 4
378 759 56
378 816 34
378 971 2
379 574 3
379 724 36
379 920 47
379 948 57
380 771 10
381 551 26
381 719 28
382 722 28
383 598 93
385 663 49
385 717 92
386 616 43
386 754 81
387 584 59
387 591 76
387 727 73
388 678 61
388 929 93
389 599 47
389 710 9
390 646 63
390 788 86
391 838 7
391 941 35
395 590 37
395 874 85
396 581 37
396 900 36
398 823 38
398 883 20
399 688 30
400 576 58
400 625 49
400 701 48
401 596 79
401 618 53
401 916 30
402 930 20
402 983 93
405 653 19
405 672 58
406 648 23
407 856 59
407 922 38
408 588 48
409 703 88
411 892 73
412 624 98
412 684 36
413 817 9
415 597 82
415 871 92
417 619 59
417 641 49
417 728 35
417 854 61
419 859 1
420 981 90
422 695 5
423 955 25
424 686 62
424 887 68
425 726 18
426 660 15
426 679 6
426 975 4
427 783 94
429 638 10
429 720 31
430 911 25
431 780 97
433 706 29
433 760 19
433 907 41
434 966 46
435 635 93
436 798 50
436 992 38
438 628 60
438 666 91
438 704 29
439 718 47
442 649 12
443 634 34
443 689 78
443 818 27
443 961 49
444 643 65
445 973 73
446 982 27
447 870 22
448 697 34
450 878 14
451 850 83
451 897 98
454 899 38
456 742 71
456 776 81
456 799 35
458 863 37
459 837 66
459 869 61
461 753 80
463 743 46
464 694 5
464 796 86
464 836 71
466 797 66
467 804 75
469 741 3
469 952 58
470 860 73
472 711 97
472 936 84
473 746 16
474 714 60
474 849 97
475 828 20
478 723 68
480 806 96
481 926 94
482 779 22
482 977 53
485 808 79
486 855 43
486 864 22
487 769 73
487 809 73
487 824 46
487 882 45
488 970 1
490 928 54
492 1000 80
493 708 25
493 801 97
494 857 95
497 738 68
499 840 72
499 923 84
503 768 99
505 827 48
506 794 50
507 814 38
507 903 83
509 990 33
510 937 9
510 988 0
511 789 38
513 950 40
516 835 51
516 964 89
517 868 55
518 891 42
518 927 22
519 767 88
519 867 8
520 898 49
521 821 91
521 877 76
521 909 51
522 858 29
523 959 83
526 758 46
529 842 56
529 976 79
531 812 91
532 793 93
532 844 67
533 852 73
536 875 54
536 894 82
538 802 38
538 925 75
539 917 28
540 999 80
543 967 17
546 851 12
548 895 66
548 933 1
550 786 38
552 934 10
553 832 23
558 819 61
561 848 76
562 820 19
562 994 80
566 889 15
568 881 76
571 953 26
572 890 84
583 949 75
585 879 0
586 915 75
592 872 92
592 885 97
593 866 37
593 986 88
595 896 39
597 944 95
597 991 19
598 957 41
601 904 52
601 938 71
610 902 74
612 924 7
613 989 94
616 965 41
619 958 34
625 945 23
627 901 50
629 918 27
631 932 48
640 985 57
641 993 62
642 979 72
646 996 59
648 960 55
650 956 65
650 998 87
653 939 20
666 969 48
671 984 70
674 974 14
677 980 49
