30
142402487 196388753
959893056 779869409
153154189 589741047
964924173 440413836
955219741 256636988
855637963 819995774
774277266 209470852
140674506 609427838
367287887 561412228
961313897 403196481
126697520 545397513
656576027 2588929
787621224 239790233
352947305 959436735
290606782 727831102
135669110 870198909
15511075 694410607
72182254 433884355
508354400 382149604
713894186 87965953
430444362 72553322
193437608 482679544
926004039 493516789
47664544 697676372
71341021 141581362
999888604 156336862
709798252 15274690
592321627 871735468
218744006 512742132
806397749 190602221
