0
1 1000 87 484
1 418
1 597
1 701
1 425
1 983
1 469
1 423
1 99
1 52
1 467
1 653
1 591
1 304
1 498
1 215
1 813
1 833
1 373
1 768
1 806
1 139
1 500
1 59
1 35
1 117
1 947
1 127
1 787
1 573
1 977
1 438
1 26
1 374
1 131
1 363
1 260
1 581
1 387
1 766
1 958
1 963
1 228
1 488
1 493
1 751
1 782
1 782
1 235
1 806
1 584
1 745
1 335
1 360
1 562
1 404
1 639
1 961
1 763
1 496
1 956
1 123
1 108
1 705
1 520
1 17
1 660
1 988
1 692
1 545
1 193
1 427
1 883
1 212
1 798
1 658
1 830
1 197
1 971
1 414
1 213
1 552
1 189
1 104
1 178
1 262
1 979
1 487
1 789
1 806
1 553
1 615
1 820
1 820
1 57
1 9
1 243
1 80
1 322
1 99
1 78
1 79
1 306
1 616
1 308
1 758
1 654
1 827
1 72
1 562
1 46
1 489
1 176
1 590
1 384
1 86
1 480
1 96
1 605
1 928
1 232
1 647
1 116
1 193
1 976
1 858
1 896
1 854
1 552
1 168
1 869
1 374
1 228
1 749
1 304
1 637
1 959
1 85
1 412
1 675
1 858
1 914
1 928
1 9
1 403
1 581
1 705
1 701
1 922
1 548
1 262
1 433
1 858
1 780
1 929
1 78
1 672
1 409
1 902
1 567
1 43
1 473
1 337
1 779
1 529
1 230
1 677
1 216
1 879
1 176
1 476
1 416
1 722
1 773
1 458
1 847
1 279
1 662
1 103
1 93
1 544
1 174
1 455
1 548
1 240
1 846
1 393
1 254
1 290
1 262
1 623
1 500
1 666
1 412
1 686
1 674
1 892
1 115
1 605
1 934
1 277
1 424
1 197
1 374
1 142
1 294
1 192
1 259
1 237
1 874
1 539
1 177
1 432
1 177
1 368
1 131
1 271
1 25
1 587
1 6
1 728
1 394
1 208
1 171
1 826
1 948
1 599
1 389
1 418
1 540
1 680
1 598
1 245
1 747
1 785
1 455
1 424
1 20
1 845
1 442
1 979
1 981
1 371
1 647
1 756
1 215
1 275
1 912
1 844
1 410
1 414
1 936
1 323
1 655
1 304
1 273
1 753
1 475
1 878
1 583
1 334
1 180
1 735
1 287
1 375
1 683
1 633
1 850
1 823
1 419
1 724
1 593
1 614
1 27
1 318
1 735
1 520
1 172
1 96
1 38
1 485
1 362
1 566
1 651
1 947
1 245
1 928
1 912
1 988
1 627
1 435
1 614
1 488
1 206
1 587
1 649
1 887
1 434
1 981
1 233
1 719
1 545
1 668
1 100
1 573
1 726
1 522
1 832
1 414
1 232
1 887
1 657
1 315
1 435
1 663
1 424
1 506
1 568
1 569
1 127
1 890
1 114
1 758
1 881
1 530
1 587
1 808
1 841
1 83
1 804
1 169
1 811
1 435
1 52
1 146
1 216
1 777
1 448
1 377
1 169
1 192
1 559
1 860
1 894
1 531
1 198
1 98
1 843
1 954
1 600
1 231
1 962
1 96
1 953
1 413
1 149
1 993
1 465
1 205
1 511
1 40
1 488
1 575
1 238
1 13
1 9
1 559
1 768
1 314
1 210
1 141
1 283
1 714
1 370
1 838
1 356
1 189
1 175
1 409
1 295
1 816
1 526
1 272
1 287
1 925
1 872
1 215
1 950
1 435
1 350
1 308
1 100
1 674
1 172
1 698
1 185
1 480
1 645
1 430
1 781
1 880
1 833
1 491
1 920
1 432
1 490
1 883
1 617
1 632
1 821
1 814
1 752
1 110
1 579
1 354
1 877
1 681
1 103
1 26
1 119
1 901
1 67
1 503
1 760
1 665
1 939
1 43
1 209
1 212
1 933
1 461
1 511
1 17
1 656
1 168
1 607
1 569
1 712
1 694
1 464
1 835
1 159
1 740
1 398
1 901
1 207
1 611
1 552
1 699
1 224
1 980
1 763
1 94
1 636
1 905
1 352
1 626
1 155
1 15
1 599
1 5
1 765
1 423
1 970
1 383
1 180
1 788
1 590
1 277
1 273
1 640
1 926
1 509
1 419
1 322
1 247
1 709
1 409
1 883
1 484
1 253
1 651
1 822
1 547
1 172
