142
424991190 684600711 649024568
833220509 655501068 510969450
724164187 18686858 105932209
870580043 192513092 46177013
85801481 457743022 302659891
525770510 333896976 354487416
32159654 700448883 851577508
682150201 970517313 860731411
759461489 832586719 3553608
964379220 732190364 92471527
135991085 271938205 965340856
87550832 91057244 417612982
173738891 550473854 963108074
297518958 4725054 557343554
980694846 75832724 657918253
563660630 305631002 280171099
382934705 924440357 888618736
944176639 354192067 706380338
321809390 35681067 625270458
614350318 595104011 467205030
934423818 40889645 17857958
454787920 871956881 158008724
973571597 453385928 133959964
989277692 829872490 630534413
964000271 679103926 801400998
984188609 214808628 610203763
732395635 754342161 744033659
852052137 520787902 960052479
506285972 79263915 503216453
220027819 898666147 948563446
620362514 210476708 566731007
741050730 397092271 225369131
777775334 964211541 282654815
551299355 595848244 812075777
267793840 768379572 600067632
337930661 607859253 244366069
62114082 421707839 158794480
213088933 384410379 917346734
489277035 347151466 85080679
988922938 236495216 169254590
327918790 750556942 588220314
306511053 559658553 304756675
470848083 139332097 565873777
24766388 410398728 953714837
369764989 772442265 498218749
37836501 784874040 321646142
697365601 26047323 137533354
804913268 768733113 309654211
846975102 495341882 737285894
798731625 307426446 48938678
791413364 281223871 260095020
819083148 847809036 829474772
345859644 358103355 811754544
719792824 400791754 950925183
436596072 15446404 219999440
740748179 802405217 300871817
577516752 857596625 468174583
152047699 549623115 584367983
281022421 303072231 690935198
501876296 738373720 904390730
831681250 971482506 551916842
405487457 567391841 292793161
707314202 378904257 816969463
571065725 422745286 267801715
965012516 269400959 498019624
705410281 887164572 433932294
769028036 416668583 920422066
284262989 482455411 69428916
5917939 905226892 860720515
283793932 361948977 485283707
996790428 710294980 910446153
749871689 424495523 890248561
83436091 393766496 526375641
757361608 969692254 395837788
382630724 437145553 495887995
590080698 126935021 44968232
143441650 819185502 31733446
97041180 122822976 696334234
742235726 621598901 629266178
371874778 994741875 853431759
925718898 951565611 543058128
431129239 233897669 992665340
882202329 847528094 528907502
23163455 577594648 29715698
418903458 974855226 651664847
422711695 782980238 64846573
580983078 426975922 191845043
786444560 247180373 259025791
912395916 945799088 177047066
632212803 133741239 144150190
939005278 808642440 866949903
798266554 932188350 312432269
774236709 909990630 159859664
498175901 30759501 207390414
575520335 9646393 43392161
834940742 642903999 525895063
364044226 551336724 786707753
605208036 714767914 933142542
29266383 279797832 368926715
519001770 995307255 656584501
394804735 992575720 611786607
706476296 813820298 160483834
915428621 145719210 620606865
149220593 842605843 598176232
468135828 182723182 412850810
727627033 129036069 89693165
680923248 636099401 594238559
417880721 593876564 333021758
466220533 909276612 371420081
86204795 128875814 597460037
338829119 164611295 174783868
614296993 800833188 945986606
837928465 554855089 545851503
275535679 85289158 535729653
290797274 114386577 891917936
241534301 975753841 111620416
563591893 906355837 272526074
155222618 116315034 693314760
894941403 760556036 591050267
809785069 912180147 750573884
446877271 999493389 659451846
853300859 561663634 774476344
612866885 376010263 373597252
732522702 650443387 642393843
708919312 78425284 542295123
988957385 350761921 142231867
192206591 26144835 33230939
768263025 276720749 282032770
377046458 836274259 780382418
512479596 973048705 957417453
434315388 64118646 289586279
126693715 855351518 360491534
647022295 889985547 546052286
530452941 38070557 903212628
912944078 294134627 831202614
762251656 908186475 817384429
252738308 279536288 66299816
557608258 411222039 875482113
791243805 372959078 594603713
899256358 307726046 693152485
734755803 143985393 723755329
593266972 393443290 385898890
