0
16 30 99
4 13
5 16
2 26
8 11
6 2
14 13
11 12
10 6
11 22
7 5
11 16
8 17
1 16
16 21
7 14
12 6
12 15
1 15
1 19
6 23
14 24
3 12
11 27
2 7
12 27
2 24
5 22
4 29
13 2
4 11
13 28
15 2
6 5
1 24
10 16
11 26
6 14
16 20
9 6
8 3
16 14
10 18
2 14
13 18
15 7
8 19
4 17
12 17
8 7
4 20
10 9
14 22
16 28
5 9
15 18
2 16
8 6
2 22
9 26
8 27
5 25
13 16
8 15
1 10
13 4
10 25
11 30
3 6
3 2
14 26
14 6
11 24
5 21
11 3
15 9
11 10
9 28
2 29
14 23
14 21
6 24
12 5
8 14
11 23
13 12
9 19
1 4
15 20
13 6
16 29
7 27
3 29
9 20
13 22
6 22
1 27
2 1
10 24
2 11
