0
20 30 130
6 20
7 3
10 20
4 26
9 11
4 3
6 4
7 27
1 29
1 13
19 8
13 16
6 1
19 3
20 22
9 16
17 11
7 13
5 4
9 19
17 13
1 16
5 15
11 27
17 14
4 2
17 17
16 25
1 3
20 4
20 28
11 24
4 8
19 5
19 10
7 7
12 22
10 19
2 9
16 7
4 17
7 29
17 30
18 21
9 13
13 14
3 1
4 27
19 23
16 5
9 25
12 11
17 16
12 23
18 19
14 23
10 23
20 26
9 28
16 30
11 29
9 15
12 13
20 14
6 18
10 27
8 13
14 30
1 25
1 18
20 18
13 19
5 21
10 12
18 14
7 12
10 9
8 23
17 19
6 26
4 24
1 15
12 27
17 1
20 27
18 6
12 14
17 22
6 6
20 23
19 6
17 12
8 24
8 6
18 16
2 25
9 9
6 11
2 23
2 11
5 5
5 30
5 20
1 7
3 26
2 5
14 27
10 15
14 25
5 18
10 22
5 3
11 3
7 20
15 16
7 23
5 22
6 2
13 17
11 25
16 18
4 12
16 22
20 17
15 7
5 28
10 1
18 24
3 21
1 21
