0
50 50 2 1000
21 39
30 35
1 39
40 50
2 34
12 19
41 25
32 21
38 36
13 19
31 12
38 21
26 40
10 42
15 16
26 2
42 26
34 42
36 20
33 9
12 5
1 41
2 46
12 27
49 16
27 4
6 6
3 32
25 37
37 24
18 33
31 30
50 7
18 35
50 34
2 24
50 40
6 24
1 35
33 22
47 10
19 32
4 31
50 42
26 3
33 2
44 27
37 31
22 11
16 44
45 37
11 24
4 48
24 47
50 37
13 37
20 40
9 41
20 3
37 30
16 31
30 3
48 6
5 19
34 24
28 24
21 33
28 2
2 46
49 22
49 18
46 25
9 4
22 34
3 27
16 5
36 17
21 29
8 19
28 34
29 12
26 37
19 24
5 38
2 20
32 23
2 15
29 16
26 17
15 7
35 41
32 12
32 26
9 30
22 14
42 25
21 35
50 11
34 29
13 28
4 12
8 3
26 2
30 10
23 22
13 46
37 46
42 24
46 38
30 18
36 36
48 6
30 20
26 13
35 2
50 30
15 29
8 46
10 7
36 49
36 1
39 22
48 2
2 29
2 25
5 22
19 5
35 24
50 49
12 7
29 1
19 11
27 37
45 40
13 4
34 26
42 25
12 31
18 10
23 5
41 31
9 49
19 11
31 49
35 2
26 10
20 8
41 25
10 21
20 1
8 22
50 7
26 16
26 19
37 37
47 41
50 43
23 20
22 10
45 23
39 5
35 23
9 34
46 15
40 30
42 8
46 41
24 22
3 3
2 36
29 13
49 30
35 14
9 7
26 47
6 4
12 49
40 31
34 7
24 23
40 24
40 43
12 9
8 39
22 21
5 31
19 41
23 21
40 29
38 23
23 29
3 48
17 40
37 44
16 32
12 10
19 49
8 50
23 29
30 31
38 6
48 41
21 36
46 32
48 34
28 14
12 5
24 31
18 11
6 1
8 6
25 39
42 32
20 6
31 2
34 22
42 9
19 9
36 37
16 40
42 48
13 14
25 28
42 47
50 46
31 41
36 12
24 24
6 13
32 46
41 27
37 50
37 6
12 4
30 1
26 23
29 44
44 44
36 28
21 45
38 21
44 13
32 36
7 50
45 48
11 21
30 11
42 15
8 41
35 48
21 30
32 49
18 45
29 38
13 5
30 16
15 15
23 8
18 18
39 17
5 9
24 15
34 13
42 11
10 4
48 28
29 31
34 48
50 13
39 31
48 8
10 32
30 5
29 17
29 42
19 22
2 10
38 6
21 15
44 3
37 48
12 29
47 38
25 42
43 48
1 5
40 46
32 7
48 2
24 22
27 4
10 20
46 29
41 22
43 4
32 38
27 20
34 34
12 41
48 30
44 29
8 2
38 42
19 36
46 19
49 28
37 45
42 41
39 30
3 32
46 17
4 41
15 21
26 31
30 7
32 46
7 20
18 3
39 40
4 5
3 42
17 11
43 27
36 20
30 47
48 30
29 32
26 36
33 9
40 17
27 9
15 18
50 50
26 8
34 39
28 26
20 32
14 31
36 44
12 32
46 38
30 19
2 50
46 35
47 23
38 37
3 44
32 31
2 24
3 44
7 48
14 14
1 49
38 47
20 45
46 33
45 7
22 41
29 10
20 11
16 45
20 21
20 43
46 19
22 17
37 1
32 21
44 12
3 47
11 33
1 9
24 32
13 23
28 10
35 47
32 31
39 36
30 9
27 1
38 3
17 25
22 36
43 43
23 48
8 21
16 25
16 35
42 47
2 28
44 21
28 31
47 46
33 14
23 49
37 32
21 49
43 30
39 31
16 20
47 8
42 35
6 40
38 17
7 38
50 29
50 11
42 31
20 26
7 49
35 39
19 33
41 40
12 21
50 29
23 1
17 35
49 42
1 47
36 14
3 46
5 8
43 14
26 38
20 44
29 9
3 22
35 29
35 49
16 8
11 38
18 47
44 24
5 18
21 24
11 13
30 41
45 11
41 11
41 41
24 29
7 9
16 25
23 48
20 40
29 27
29 5
43 32
50 15
39 46
5 34
46 20
3 42
26 2
23 25
43 41
4 15
33 44
35 40
50 47
25 42
41 47
50 17
16 1
34 6
15 38
44 46
22 31
41 32
3 10
40 27
26 33
3 45
2 47
2 35
34 33
32 20
31 26
25 12
38 33
16 3
5 18
11 5
6 38
40 1
30 6
26 39
4 22
45 4
18 20
14 13
38 24
29 7
42 29
8 27
32 26
23 18
38 19
43 31
5 1
43 8
20 5
18 38
19 4
39 19
45 8
5 44
5 32
37 39
11 7
38 46
4 39
42 38
45 39
29 15
30 16
18 10
11 26
16 43
28 35
40 13
12 3
49 25
44 23
36 3
43 39
4 4
43 12
22 43
25 27
12 48
11 1
46 42
31 50
22 22
41 9
21 8
13 19
11 41
10 3
22 19
7 49
44 44
9 17
35 50
37 3
13 13
42 1
43 45
43 43
46 30
27 21
33 6
6 37
44 45
44 35
35 37
36 11
14 1
18 11
46 48
18 40
46 9
2 4
38 6
32 17
3 49
50 21
7 14
41 21
35 50
13 24
47 29
18 47
15 7
16 44
49 4
1 27
27 7
48 6
45 8
19 12
22 25
21 6
10 16
26 17
34 35
38 4
10 6
24 19
8 37
13 23
45 23
42 31
11 8
43 12
24 25
35 25
9 35
34 31
41 29
4 36
48 1
20 30
16 12
19 44
29 46
49 24
31 38
9 5
14 42
28 12
44 36
22 15
41 41
31 37
13 37
33 47
41 1
8 39
37 14
28 35
16 42
27 1
38 12
29 25
39 23
45 33
36 39
44 10
4 41
30 32
1 29
9 10
22 29
19 36
24 35
50 40
5 1
1 38
11 19
1 49
40 31
46 50
19 48
42 30
23 31
7 26
31 46
14 35
27 10
25 29
3 25
29 18
15 23
35 44
31 5
13 20
21 49
3 42
37 26
40 33
7 40
23 36
39 3
32 47
13 30
20 12
15 30
3 11
39 13
6 5
3 8
33 32
8 19
3 45
1 25
4 46
19 24
27 21
27 6
28 7
12 41
11 2
38 48
35 7
20 15
28 42
5 20
43 18
43 21
46 6
23 26
28 41
16 47
30 18
13 43
12 18
14 50
20 11
25 23
35 50
48 30
9 32
29 16
32 16
43 27
19 20
21 17
44 47
23 16
38 40
29 10
46 46
3 33
39 40
8 24
5 36
33 24
40 3
9 3
39 33
8 22
3 29
46 10
35 30
17 8
9 42
48 20
47 43
24 12
10 24
19 9
31 12
17 50
50 48
47 18
31 21
6 10
45 14
33 39
20 27
29 23
39 3
47 47
1 18
22 27
7 7
1 15
36 2
43 42
15 49
26 34
15 13
5 44
31 41
11 20
2 23
30 15
27 2
43 13
21 17
47 36
17 39
20 31
9 12
27 13
6 11
26 20
45 36
13 36
41 24
39 48
41 27
46 34
13 14
23 3
21 2
24 30
50 45
26 14
7 1
14 35
24 22
49 45
36 26
48 5
30 17
8 42
18 3
34 36
43 15
33 24
46 31
16 37
1 18
34 49
47 10
20 32
10 14
30 14
15 35
45 40
49 11
42 10
40 46
9 1
2 16
7 22
41 23
43 36
4 7
32 8
6 34
39 20
21 36
10 18
5 49
36 46
48 3
16 22
40 4
30 21
27 18
35 23
34 30
44 2
25 42
37 40
23 23
25 14
46 40
8 16
4 18
2 13
35 43
37 31
14 32
46 22
21 39
20 21
21 24
50 33
32 38
17 23
15 35
15 41
11 15
16 30
47 33
45 19
9 48
27 19
26 12
25 45
11 27
35 15
34 19
50 26
45 36
3 50
16 26
42 2
38 12
48 22
4 33
30 15
1 12
43 26
1 36
15 37
6 48
10 40
21 19
50 20
40 40
49 15
28 13
2 32
15 17
7 33
11 4
49 30
8 22
7 15
30 24
41 46
37 33
8 34
46 27
46 10
48 19
13 17
41 30
1 9
28 3
44 27
18 17
12 16
46 42
35 48
36 12
21 9
3 20
4 29
30 31
40 2
18 26
19 16
26 2
11 13
7 30
13 35
11 10
10 10
15 10
20 22
32 3
13 25
21 49
48 27
24 17
28 45
35 24
11 46
34 8
5 40
11 23
18 37
37 8
31 47
21 33
45 28
12 29
48 26
40 7
33 9
17 6
29 9
1 37
47 49
26 13
27 38
14 33
38 11
8 17
6 28
44 15
28 36
20 34
5 4
45 20
8 28
24 18
31 39
33 15
9 47
45 47
35 40
19 24
36 49
19 22
43 39
9 13
44 45
49 37
1 45
6 9
37 8
46 18
22 4
42 20
3 30
1 17
19 50
25 8
22 8
42 17
41 10
8 45
27 30
13 7
29 13
21 29
1 44
27 20
41 15
1 44
37 31
6 46
29 30
29 30
6 45
28 25
35 47
4 3
17 5
9 36
26 48
17 47
13 7
