20
693439456258044599 381994013392380649 77417
573393704467825523 33945078641590400 11987
678960990854999417 482391869516752669 46769
123119094218699887 33198837817957969 48533
919782990271618609 556974607986864775 64123
649337904072017493 252617584136081320 21961
587609462502890909 308369045197721834 69539
330764220914297689 122131998933908304 14827
575009303134555273 373888319884471447 42667
718145341504914130 349561938984505051 11471
677999106547432206 141066040056671292 20297
956610223826970614 103605655712272509 7307
444311054642205400 325138547400609139 53479
591251599767208667 122372626518799890 52361
131107955336835416 115633565025899921 53407
904145124611439254 877939134539205284 84967
316869242966211752 67698464274452582 15497
834856699660786206 803793576354741975 55229
869195358735752803 689583394396570413 42193
987923121076410981 524773714905986074 82387